<?xml version="1.0" encoding="UTF-8"?>
<!DOCTYPE svg PUBLIC "-//W3C//DTD SVG 1.1//EN" "http://www.w3.org/Graphics/SVG/1.1/DTD/svg11.dtd">
<!-- Creator: CorelDRAW 2018 (64 Bit) -->
<svg xmlns="http://www.w3.org/2000/svg" xml:space="preserve" width="200mm" height="75.7596mm" version="1.1" style="shape-rendering:geometricPrecision; text-rendering:geometricPrecision; image-rendering:optimizeQuality; fill-rule:evenodd; clip-rule:evenodd"
viewBox="0 0 19878.76 7530.03"
 xmlns:xlink="http://www.w3.org/1999/xlink">
 <defs>
  <font id="FontID0" horiz-adv-x="644" font-variant="normal" style="fill-rule:nonzero" font-weight="400">
	<font-face 
		font-family="Posey Textured">
		<font-face-src>
			<font-face-name name="Posey Textured"/>
		</font-face-src>
	</font-face>
   <missing-glyph><path d="M0 0z"/></missing-glyph>
   <glyph unicode="A" horiz-adv-x="644" d="M579.001 18.9992c4.66574,-3.99846 9.33148,-7.99954 13.9998,-11.998 -1.33457,-4.66837 -5.00201,-7.00124 -10.9997,-7.00124 -9.33411,0 -47.6688,0 -115.002,0 -2.66651,0 -10.5005,0 -23.4995,0 -12.9989,0 -20.4993,0 -22.5012,0 -0.664658,0 -6.33133,0.333642 -17,1.00093 0.667285,3.99846 4.33472,9.66512 10.9997,17 6.00031,7.33225 7.33488,15.3318 4.00108,23.9986 -0.667285,3.3338 -4.99938,19.3329 -12.9989,47.9999 -4.00108,1.33457 -8.33318,2.00185 -13.0015,2.00185 -4.66574,0 -9.99877,0 -15.9991,0 -6.00031,0 -10.3324,0 -12.9989,0 -2.66914,0 -16.669,0 -42.0022,0 -25.9978,0 -40.0003,0 -41.9995,0 -25.3332,0 -39.6667,-0.333642 -43.0005,-1.00093 -4.66574,-16.6664 -9.99877,-36.6665 -15.9991,-60.0005 2.66651,-4.66574 8.66682,-13.3326 18.0009,-26.0005 -1.33457,-3.3338 -4.33472,-4.99938 -9.00046,-4.99938 -10.6661,0 -26.4996,0 -47.5007,0 -21.0011,0 -37.1657,0 -48.499,0 -7.99954,0 -19.6665,0 -35.0009,0 -15.3344,0 -26.6678,0 -34,0 -0.667285,0 -5.66667,0.333642 -15.0008,1.00093 1.33457,4.66574 5.00201,9.66512 10.9997,14.9981 10.0014,8.00216 17,19.6665 21.0011,35.0009 11.3333,43.3341 35.6656,133.334 72.9994,270.001 6.66759,23.9986 16.1672,58.8314 28.5015,104.498 12.3316,45.667 21.5002,79.5015 27.5005,101.501 16.6664,60.6678 25.3332,92.3323 25.9978,94.9988 4.00108,14.6671 3.00015,27.0014 -3.00015,37.0002 0,0 -0.9983,3.00015 -3.00015,9.00046l180.001 0c-1.33457,-7.33225 -2.33287,-10.9997 -3.00015,-10.9997 -5.33303,-8.66682 -6.33395,-20.3338 -3.00015,-35.0009 2.66651,-7.33225 6.16582,-19.1647 10.5005,-35.5001 4.3321,-16.3327 7.83403,-28.8325 10.5005,-37.4993 3.33117,-13.9998 9.66512,-38.6657 18.9992,-74.0003 9.33411,-35.3319 16.6664,-62.667 21.9994,-81.9999 3.3338,-11.998 8.33318,-29.6653 15.0008,-52.9992 6.66497,-23.334 11.667,-40.6676 15.0008,-52.0009 17.9983,-66.6654 39.6667,-147 64.9999,-241 3.33117,-12.6653 8.99784,-21.9994 17,-27.9997zm-426.001 89.0011c0.667285,0.667285 0.333642,3.00015 -1.00093,6.99861 0,0 -0.49915,0 -1.50008,0 -0.9983,0 -1.50008,0 -1.50008,0 -1.33194,-2.66651 -2.66651,-5.33303 -3.99846,-7.99954 0,0 0.9983,-1.33194 3.00015,-3.99846 3.3338,2.66651 4.99938,4.3321 4.99938,4.99938zm334 37.0002l-1.00093 -1.00093c0,0 0.667285,-0.667285 2.00185,-1.99923 0,0 0.165508,0.333642 0.49915,1.00093 0.333642,0.664658 0.832793,0.9983 1.50008,0.9983 -1.99923,0.667285 -3.00015,1.00093 -3.00015,1.00093zm-3.00015 68c0,0 0.667285,-0.667285 1.99923,-1.99923 0.667285,0.664658 1.00093,0.9983 1.00093,0.9983 0,0.667285 -0.333642,1.66821 -1.00093,3.00015 0,0 -0.331015,-0.165508 -0.9983,-0.49915 -0.667285,-0.333642 -1.00093,-0.832793 -1.00093,-1.50008zm1.00093 17.9983c-0.667285,-2.66651 -1.00093,-3.99846 -1.00093,-3.99846 0,-2.66651 1.00093,-3.66744 3.00015,-3.00015 0,0 0.667285,1.00093 1.99923,3.00015 -1.33194,1.33194 -2.66651,2.66651 -3.99846,3.99846zm-12.0006 -63.9989c2.66651,2.66651 4.00108,4.00108 4.00108,4.00108 -2.66651,7.33225 -5.00201,13.3326 -7.00124,17.9983 -0.667285,0.667285 -1.99923,1.33457 -4.00108,2.00185 -1.99923,0.664658 -2.99753,0.331015 -2.99753,-1.00093 -0.667285,-3.3338 -0.667285,-4.99938 0,-4.99938 4.66574,-2.00185 7.99954,-7.99954 9.99877,-18.0009zm1.00093 55.0011c-9.33411,-4.00108 -14.6671,-7.33488 -16.0017,-10.0014 6.66759,1.33457 10.6687,2.33287 12.0006,3.00015 1.33457,0.667285 2.66651,3.00015 4.00108,7.00124zm-9.00046 83.9991c-0.667285,-0.667285 -1.00093,-1.00093 -1.00093,-1.00093 0,0 0.333642,-0.9983 1.00093,-3.00015 0.667285,2.00185 0.9983,3.00015 0.9983,3.00015 0,0 -0.331015,0.333642 -0.9983,1.00093zm-6.00031 -60.9988c-1.99923,-2.66914 -3.00015,-4.00108 -3.00015,-4.00108 0,-1.33457 1.66559,-5.66667 4.99938,-12.9989 2.00185,0.664658 3.00015,0.9983 3.00015,0.9983 1.99923,1.99923 1.99923,5.33303 0,10.0014 0,0.664658 -1.66559,2.66651 -4.99938,6.00031zm-6.00031 75.9995c-0.667285,-0.667285 -1.33194,-1.33457 -1.99923,-2.00185 0.667285,-0.664658 0.9983,-0.9983 0.9983,-0.9983 0.667285,0 1.66821,0 3.00015,0 0,0.667285 -0.165508,1.16644 -0.49915,1.50008 -0.333642,0.333642 -0.832793,0.832793 -1.50008,1.50008zm-1.99923 -34c-8.66682,0.664658 -14.5016,0.165508 -17.5018,-1.50008 -2.99753,-1.66821 -4.83125,-5.16752 -5.49853,-10.5005 7.33225,4.00108 10.9997,6.00031 10.9997,6.00031 0.667285,0 1.99923,0.333642 4.00108,0.9983 1.99923,0.667285 3.66481,1.33457 4.99938,2.00185 1.33194,0.667285 2.33287,1.66559 3.00015,3.00015zm-9.00046 -41.9995c0,1.33194 -0.333642,1.99923 -1.00093,1.99923 -3.99846,1.99923 -7.99954,0.333642 -11.998,-4.99938 8.6642,-0.667285 12.9989,0.331015 12.9989,3.00015zm-13.9998 60.9988c0,0 0.333642,-1.00093 1.00093,-3.00015 0.664658,0.667285 0.9983,1.00093 0.9983,1.00093 0,0 -0.333642,0.9983 -0.9983,3.00015 -0.667285,-0.667285 -1.00093,-1.00093 -1.00093,-1.00093zm1.99923 29.0006c0,0 -1.99923,-1.33457 -6.00031,-4.00108 3.3338,-2.66651 5.33303,-4.3321 6.00031,-4.99938 1.33457,-0.667285 2.66651,0.667285 4.00108,4.00108 0.667285,3.33117 -0.667285,4.99938 -4.00108,4.99938zm-51.9983 55.9994c0,0 0,0.333642 0,1.00093 0.664658,1.99923 0,3.00015 -2.00185,3.00015 -0.664658,-0.667285 -0.9983,-1.00093 -0.9983,-1.00093 0.664658,-1.33457 1.33194,-2.66651 1.99923,-4.00108 0,0 0.333642,-0.664658 1.00093,-1.99923 0,1.33457 0,2.33287 0,3.00015zm0 -227c-0.667285,-0.667285 -1.16906,-1.33194 -1.50008,-1.99923 -0.333642,-0.667285 -0.501777,-1.33457 -0.501777,-1.99923 2.00185,-1.33457 3.3338,-2.00185 4.00108,-2.00185 0,0 0.667285,1.00093 1.99923,3.00015 0,0 -1.33194,1.00093 -3.99846,3.00015zm7.99954 159c0,1.99923 -1.00093,3.3338 -3.00015,4.00108 0,0 -0.501777,-0.168135 -1.50008,-0.501777 -1.00093,-0.333642 -1.50008,-0.832793 -1.50008,-1.50008 0.667285,-2.66651 1.33194,-4.99938 1.99923,-6.99861 0,0 0.49915,-0.168135 1.50008,-0.501777 1.00093,-0.331015 1.50008,-0.49915 1.50008,-0.49915 1.33457,2.66651 1.66559,4.66574 1.00093,6.00031zm-3.00015 38.0011c0.667285,0 1.16644,0.165508 1.50008,0.49915 0.333642,0.333642 0.832793,0.49915 1.50008,0.49915 -0.667285,0.667285 -1.00093,1.00093 -1.00093,1.00093 -0.667285,0 -1.00093,0 -1.00093,0 0,0 -0.331015,-0.667285 -0.9983,-1.99923zm1.99923 41.9995c0.667285,3.99846 1.00093,6.33133 1.00093,6.99861 0,0.667285 -1.00093,1.33457 -3.00015,2.00185 0,0 -0.333642,-0.333642 -1.00093,-1.00093 -0.667285,-0.667285 -0.9983,-1.00093 -0.9983,-1.00093 0.664658,-0.667285 1.99923,-3.00015 3.99846,-6.99861zm-3.00015 -23.0003c1.33457,1.99923 1.99923,3.00015 1.99923,3.00015 0,0 -1.66559,1.33194 -4.99938,3.99846 0.667285,-2.66651 1.00093,-4.3321 1.00093,-4.99938 0,0 0.667285,-0.667285 1.99923,-1.99923zm-0.9983 -179c0.664658,-2.66651 1.66559,-4.00108 2.99753,-4.00108 0.667285,-0.664658 3.3338,-0.664658 8.00216,0 -2.66651,3.3338 -4.00108,5.33565 -4.00108,6.00031 -1.33457,0.667285 -3.00015,0.667285 -4.99938,0 -0.667285,0 -1.16644,-0.333642 -1.50008,-0.9983 -0.333642,-0.667285 -0.49915,-1.00093 -0.49915,-1.00093zm15.9991 -18.9992c0,0 -4.33472,-1.00093 -13.0015,-3.00015 4.66837,-4.00108 7.00124,-6.00031 7.00124,-6.00031 1.99923,0 6.99861,-0.333642 15.0008,-1.00093 -0.667285,6.66759 -3.66744,10.0014 -9.00046,10.0014zm15.0008 261c0.664658,2.66651 0,4.3321 -2.00185,4.99938 -2.66651,-1.33457 -3.00015,-4.00108 -0.9983,-7.99954 1.33194,1.99923 2.33287,3.00015 3.00015,3.00015zm1.99923 -135.002c-1.99923,-0.664658 -3.00015,-1.33194 -3.00015,-1.99923 0,-0.667285 0.333642,-2.66651 1.00093,-6.00031l1.99923 0c0.667285,3.3338 0.9983,5.66667 0.9983,7.00124 0,0.664658 -0.331015,0.9983 -0.9983,0.9983zm-3.00015 -31.9982c-2.66651,-4.00108 -3.3338,-8.33318 -1.99923,-13.0015 0.664658,1.99923 1.16644,4.50023 1.50008,7.50039 0.331015,3.00015 0.49915,4.83387 0.49915,5.50116zm-3.00015 99.9982c-6.00031,0 -10.0014,-3.00015 -12.0006,-9.00046 5.33303,-5.99768 9.00046,-6.33133 10.9997,-0.9983 0,0.667285 0.333642,3.99846 1.00093,9.99877zm-6.00031 -185.999c0,0.667285 0,1.00093 0,1.00093 -1.33194,0 -1.99923,0 -1.99923,0 0,0 0,-0.333642 0,-1.00093 0,0 0.333642,0 0.9983,0 0.667285,0 1.00093,0 1.00093,0zm-4.00108 212c5.33565,8.66682 6.66759,16.6664 4.00108,24.0012 -0.667285,1.33194 -1.66559,1.66559 -3.00015,0.9983 -2.66651,-0.667285 -3.99846,-1.66559 -3.99846,-3.00015 -1.33457,-5.33303 -0.333642,-12.6653 2.99753,-21.9994zm7.00124 -202.999c0.667285,0 1.50008,0 2.501,0 0.9983,0 1.83109,0.333642 2.49838,0.9983 4.00108,3.3338 4.66837,8.00216 2.00185,13.9998 -4.66837,-5.99768 -7.00124,-9.33148 -7.00124,-9.99877 -1.33457,-1.99923 -1.33457,-3.66744 0,-4.99938zm7.99954 77.0005c3.3338,-2.00185 5.66667,-1.33457 7.00124,1.99923 0,0 0,1.66559 0,4.99938 -4.00108,-0.667285 -6.33395,-1.00093 -7.00124,-1.00093 0,0 -0.667285,-1.66559 -1.99923,-4.99938 0.667285,0 1.00093,-0.165508 1.00093,-0.49915 0,-0.333642 0.331015,-0.49915 0.9983,-0.49915zm7.99954 -20.0002c0,-0.667285 -0.165508,-1.16644 -0.49915,-1.50008 -0.333642,-0.333642 -0.49915,-0.501777 -0.49915,-0.501777 0.664658,-0.664658 0.9983,-0.9983 0.9983,-0.9983 0.667285,0.664658 1.00093,0.9983 1.00093,0.9983 0,0 -0.333642,0.667285 -1.00093,2.00185zm0 34.9983c0,0 0.333642,-0.165508 1.00093,-0.49915 0.667285,-0.333642 1.33457,-0.832793 1.99923,-1.50008 0,0.667285 0.168135,1.00093 0.501777,1.00093 0.333642,0 0.49915,0 0.49915,0 -1.99923,1.33194 -3.00015,1.99923 -3.00015,1.99923 0,0 -0.333642,-0.333642 -1.00093,-1.00093zm-6.99861 105c3.3338,-4.66574 7.33225,-4.66574 12.0006,0l-12.0006 0zm-12.0006 115.002l0 -1.00093 1.99923 0 -1.99923 1.00093zm-20.9985 47.9999c-1.33457,0.664658 -2.66914,0.49915 -4.00108,-0.501777 -1.33457,-0.9983 -1.66559,-2.16474 -1.00093,-3.49931 0,0 1.33457,-1.33194 4.00108,-4.00108 1.33194,3.3338 1.99923,5.00201 1.99923,5.00201 0,1.33194 -0.333642,2.33287 -0.9983,3.00015zm-15.0008 54.9985c-1.33457,-1.33194 -1.99923,-1.99923 -1.99923,-1.99923 0,0 0.331015,-0.667285 0.9983,-1.99923 1.33457,1.33194 1.99923,2.33287 1.99923,3.00015 0,0 -0.331015,0.331015 -0.9983,0.9983zm-15.0008 -3.00015c-1.33194,-2.66651 -1.99923,-3.99846 -1.99923,-3.99846 1.99923,-1.33457 3.00015,-2.00185 3.00015,-2.00185 0,0.667285 0.9983,2.00185 3.00015,4.00108 -1.33457,0.667285 -2.66651,1.33457 -4.00108,1.99923zm-3.00015 -28.998c0,-0.667285 0.832793,-2.501 2.501,-5.50116 1.66559,-3.00015 1.50008,-5.16752 -0.501777,-6.49946 12.0006,-5.33303 21.3347,-4.00108 28.0023,3.99846 -0.667285,1.33457 -1.66821,4.16659 -3.00015,8.50131 -1.33457,4.3321 -2.3355,8.16505 -3.00015,11.4988 -2.00185,-1.99923 -4.33472,-3.66481 -7.00124,-4.99938 -1.99923,5.33303 -3.3338,9.00046 -3.99846,10.9997 -2.00185,-2.66651 -4.50023,-6.00031 -7.50039,-9.99877 -3.00015,-4.00108 -4.83387,-6.66759 -5.50116,-7.99954zm-9.00046 13.9998c0,-4.66837 0,-7.00124 0,-7.00124 0,-1.33194 0.667285,-2.33287 2.00185,-3.00015 1.33194,0 2.33287,1.00093 3.00015,3.00015 0.664658,4.00108 -1.00093,6.33395 -5.00201,7.00124zm-21.9994 31.9982c-0.667285,-0.664658 -1.00093,-0.9983 -1.00093,-0.9983 1.33457,-1.33457 2.3355,-2.00185 3.00015,-2.00185 0,0 0.333642,0.333642 1.00093,1.00093 -1.33194,1.33457 -2.33287,1.99923 -3.00015,1.99923zm-12.0006 10.9997c-0.664658,-1.99923 -0.9983,-3.00015 -0.9983,-3.00015 0.664658,-0.664658 1.99923,-2.33287 3.99846,-4.99938 1.33457,1.33457 2.00185,2.00185 2.00185,2.00185 0,0.664658 -1.00093,1.99923 -3.00015,3.99846 0,0 -0.667285,0.667285 -2.00185,1.99923zm-1.99923 -24.9995c0,0.667285 -0.49915,0.667285 -1.50008,0 -1.00093,-0.667285 -1.33194,-1.16644 -1.00093,-1.50008 0.333642,-0.333642 0.83542,-1.50008 1.50008,-3.49931 0.667285,0 1.50008,0.165508 2.501,0.49915 1.00093,0.333642 1.50008,0.501777 1.50008,0.501777 -1.33457,2.66651 -2.33287,3.99846 -3.00015,3.99846zm12.9989 -6.99861c-1.99923,-2.00185 -5.16489,-5.16752 -9.49962,-9.49962 -4.3321,-4.33472 -6.8331,-6.83573 -7.50039,-7.50039 0,0 1.33457,-3.00015 4.00108,-9.00046 9.33411,0.667285 14.3335,1.00093 15.0008,1.00093 4.66574,-0.667285 8.66682,1.99923 12.0006,7.99954 0,0 0,0.9983 0,3.00015 -3.3338,0.664658 -6.00031,0.9983 -8.00216,0.9983 0,4.66837 -0.333642,7.50039 -0.9983,8.50131 -0.667285,0.9983 -2.33287,2.49838 -5.00201,4.50023zm-31.9982 0.9983c-0.667285,0 -1.66821,-0.333642 -3.00015,-0.9983 0.667285,-1.33457 0.9983,-2.00185 0.9983,-2.00185 0,0 0.501777,0.168135 1.50008,0.501777 1.00093,0.333642 1.50008,0.49915 1.50008,0.49915 -0.664658,1.33457 -0.9983,1.99923 -0.9983,1.99923zm-4.99938 -29.9989c0,0 0,-1.33457 0,-4.00108 2.66651,0 3.99846,0 3.99846,0 4.00108,2.66651 5.33303,5.66667 4.00108,9.00046 -0.667285,1.99923 -1.66821,3.00015 -3.00015,3.00015 -2.00185,-0.667285 -3.66744,-3.3338 -4.99938,-7.99954zm-22.002 -12.9989c-2.66651,-2.66914 -2.33287,-5.33565 1.00093,-8.00216 0.667285,0 1.99923,0.667285 4.00108,2.00185 1.99923,1.33194 3.66481,2.33287 4.99938,3.00015 -4.00108,3.99846 -7.33488,4.99938 -10.0014,3.00015zm-0.9983 -68c0,-5.33565 -3.3338,-10.0014 -10.0014,-14.0025 0.667285,-1.99923 1.33457,-4.49761 1.99923,-7.49776 0.667285,-3.00015 1.00093,-5.16752 1.00093,-6.50209 0.667285,2.00185 1.00093,3.00015 1.00093,3.00015 1.33194,0 5.33303,-0.333642 12.0006,-0.9983 -2.00185,-6.00031 -3.00015,-9.66775 -3.00015,-10.9997 10.6661,1.99923 16.3327,3.00015 17,3.00015 0.664658,-0.667285 3.00015,-4.00108 6.99861,-10.0014 -2.66651,-0.667285 -4.50023,-1.50008 -5.49853,-2.501 -1.00093,-0.9983 -1.33457,-2.99753 -1.00093,-5.99768 0.333642,-3.00015 0.49915,-4.83387 0.49915,-5.50116 9.33411,4.00108 13.9998,6.00031 13.9998,6.00031 0,6.66759 0.333642,10.3324 1.00093,10.9997 0.667285,6.00031 4.00108,8.33318 9.99877,7.00124 0.667285,0 4.00108,-0.333642 10.0014,-1.00093 -8.66682,-7.99954 -13.0015,-15.0008 -13.0015,-21.0011 3.3338,1.33457 7.66852,3.66744 13.0015,7.00124 0,-1.99923 -1.16644,-6.00031 -3.49931,-12.0006 -2.3355,-6.00031 -1.83372,-9.99877 1.50008,-12.0006 6.66497,-0.664658 10.3324,-0.664658 10.9997,0 3.99846,0.667285 6.99861,0.333642 9.00046,-0.9983 3.33117,-2.66651 6.66497,-2.00185 9.99877,1.99923 1.33457,2.66651 0.333642,5.66667 -3.00015,9.00046 0,0 -0.333642,1.33194 -1.00093,3.99846 16.669,-2.66651 27.335,-8.33318 32.0008,-17l0 -21.9994c4.66574,0.667285 7.00124,4.00108 7.00124,10.0014 0,0 0.333642,2.33287 0.9983,6.99861 2.00185,0 4.16659,0.333642 6.49946,1.00093 2.3355,0.667285 4.16659,0.9983 5.50116,0.9983 -2.66651,4.00108 -4.3321,7.00124 -4.99938,9.00046 7.33225,4.66837 11.3333,7.66852 12.0006,9.00046 1.99923,1.33457 2.33287,3.00015 0.9983,4.99938 -0.667285,1.33457 -1.99923,2.00185 -3.99846,2.00185 -1.33457,0 -3.00015,-0.333642 -5.00201,-1.00093 -1.99923,-0.667285 -3.33117,-1.00093 -3.99846,-1.00093 -0.667285,0 -1.99923,0.667285 -4.00108,2.00185 0.667285,6.66497 0.667285,10.3324 0,10.9997 0,0.664658 -0.49915,1.66559 -1.50008,3.00015 -0.9983,1.33194 -1.50008,2.49838 -1.50008,3.49931 0,1.00093 0.667285,2.501 2.00185,4.50023 9.99877,0 15.3318,0.333642 15.9991,0.9983 1.33194,0 3.66744,1.16906 6.99861,3.50193 3.3338,2.33287 6.33395,2.83202 9.00046,1.50008 -0.667285,-7.33488 -0.9983,-11.667 -0.9983,-13.0015 5.99768,4.66837 8.99784,7.33488 8.99784,7.99954 0.667285,3.3338 -0.331015,6.00031 -3.00015,8.00216 -0.664658,0.664658 -4.99938,3.33117 -12.9989,7.99954 2.66651,1.99923 4.99938,4.99938 7.00124,9.00046l-13.9998 6.00031c0.664658,5.33303 -1.00093,7.99954 -5.00201,7.99954 -0.664658,0 -1.83372,-0.501777 -3.49931,-1.50008 -1.66559,-1.00093 -2.83202,-1.50008 -3.49931,-1.50008 -0.667285,0 -1.99923,0.9983 -4.00108,3.00015 0.667285,2.66651 3.16829,6.33133 7.50039,10.9997 4.33472,4.66574 7.16675,8.33318 8.50131,10.9997 -2.66914,5.33303 -4.00108,10.6661 -4.00108,15.9991l-9.99877 0c-2.66914,-2.66651 -5.00201,-5.66667 -7.00124,-9.00046 -4.00108,0 -6.00031,0 -6.00031,0 -0.667285,0 -3.00015,0.333642 -6.99861,1.00093 3.99846,8.66682 5.66667,15.6681 4.99938,21.0011 -6.00031,0.664658 -9.66775,1.66559 -10.9997,3.00015 -1.33457,1.33194 -3.00015,4.66574 -5.00201,9.99877 -0.664658,-0.667285 -1.66559,-1.50008 -2.99753,-2.49838 -1.33457,-1.00093 -2.3355,-1.83372 -3.00015,-2.501 3.33117,-6.66759 4.99938,-10.0014 4.99938,-10.0014 1.33194,-3.33117 1.99923,-4.99938 1.99923,-4.99938 -3.99846,-4.66574 -3.3338,-11.3333 1.99923,-20.0002 2.66651,-4.66574 3.00015,-9.00046 1.00093,-12.9989 -9.33411,0.667285 -17,1.33194 -23.0003,1.99923 -0.667285,5.33303 -0.667285,8.50131 0,9.49962 0.667285,1.00093 2.33287,2.16736 4.99938,3.50193 4.00108,1.33194 6.00031,2.33287 6.00031,2.99753 0.667285,0.667285 1.00093,3.3338 1.00093,8.00216 -1.99923,-0.667285 -4.50023,-1.50008 -7.50039,-2.501 -3.00015,-1.00093 -4.83387,-1.83372 -5.49853,-2.501 -6.66759,4.00108 -10.335,6.33395 -11.0023,7.00124 1.33457,4.00108 4.83387,6.49946 10.5005,7.50039 5.66667,0.9983 9.49962,2.16736 11.5015,3.49931 -1.33457,1.99923 -1.83372,6.16582 -1.50008,12.4998 0.333642,6.33395 -1.16644,10.8342 -4.50023,13.5007 -1.33457,-1.99923 -3.16829,-4.83387 -5.50116,-8.50131 -2.33287,-3.66481 -4.16659,-6.49946 -5.49853,-8.49869 -2.66651,5.33303 -8.66682,9.33411 -18.0009,12.0006 -0.667285,0 -1.66559,1.33194 -3.00015,3.99846 -3.3338,-1.99923 -5.66667,-3.3338 -6.99861,-3.99846 -2.66914,-11.3333 -4.33472,-17.6673 -5.00201,-19.0019 3.3338,-3.33117 6.33395,-6.00031 9.00046,-7.99954 -6.00031,-1.33194 -9.83326,-1.50008 -11.4988,-0.49915 -1.66821,1.00093 -5.16752,5.49853 -10.5005,13.5007 -5.33303,-3.3338 -5.66667,-7.33488 -1.00093,-12.0006 4.66837,-4.66837 6.00031,-10.0014 4.00108,-16.0017 -3.3338,1.33457 -6.00031,2.3355 -7.99954,3.00015 -0.667285,1.33457 -3.00015,7.00124 -7.00124,17 -2.66651,-1.33194 -4.3321,-2.83202 -4.99938,-4.49761 -0.667285,-1.66821 -0.832793,-4.16922 -0.49915,-7.50039 0.331015,-3.3338 0.49915,-5.33303 0.49915,-6.00031 -0.667285,-6.66759 1.00093,-12.0006 4.99938,-16.0017 -6.00031,-1.99923 -9.33411,-3.00015 -9.99877,-3.00015 0,-2.66651 0,-6.33133 0,-10.9997 0,-4.66574 0,-7.6659 0,-8.99784zm95.9997 -104.002c0,0 0.333642,-0.9983 0.9983,-3.00015 0.667285,0 1.50008,0.333642 2.501,1.00093 1.00093,0.667285 1.83372,1.00093 2.501,1.00093 -0.667285,1.33194 -1.33457,2.66651 -2.00185,3.99846 -1.99923,-1.99923 -3.33117,-3.00015 -3.99846,-3.00015zm-4.99938 23.0003c4.66574,-2.66651 7.99954,-1.99923 9.99877,1.99923 0.667285,0.667285 0.667285,1.66821 0,3.00015 -2.66651,3.3338 -6.00031,3.3338 -9.99877,0 -0.667285,0 -1.33457,-0.664658 -2.00185,-1.99923 1.33457,-1.99923 2.00185,-3.00015 2.00185,-3.00015zm-88.0002 29.0006c2.66651,-1.33457 3.99846,-3.3338 3.99846,-6.00031 0,-2.66651 0.333642,-4.3321 1.00093,-4.99938 4.66574,-2.00185 7.6659,-3.00015 9.00046,-3.00015 1.99923,5.33303 3.00015,7.99954 3.00015,7.99954 -2.66651,0.667285 -4.33472,3.00015 -5.00201,7.00124 0,0.664658 -0.664658,4.66574 -1.99923,11.998 -6.00031,-2.66651 -9.33411,-3.99846 -9.99877,-3.99846 -4.66837,-3.3338 -4.66837,-6.33395 0,-9.00046zm3.00015 -37.0002l-1.00093 1.00093 0 -2.00185 1.00093 1.00093zm-11.0023 7.99954c4.66837,4.00108 7.33488,6.33395 8.00216,7.00124 0.664658,0.664658 0.331015,1.66559 -1.00093,3.00015 -1.33457,1.33194 -2.33287,1.66559 -3.00015,0.9983 -2.66651,-1.99923 -4.66574,-3.66481 -6.00031,-4.99938 0,0 0.667285,-1.99923 1.99923,-6.00031zm26.0005 15.0008c-0.667285,0 -1.99923,0 -3.99846,0 7.99954,-4.66837 12.6653,-7.33488 13.9998,-7.99954 -0.667285,4.66574 -1.50008,7.50039 -2.501,8.49869 -1.00093,1.00093 -3.49931,0.832793 -7.50039,-0.49915zm10.0014 -7.99954c-7.33488,-2.00185 -11.667,-5.00201 -13.0015,-9.00046 6.00031,-3.3338 9.1686,-5.16752 9.49962,-5.50116 0.333642,-0.333642 3.16829,-3.16566 8.50131,-8.49869 2.66651,6.66497 4.16659,10.3324 4.50023,10.9997 0.333642,0.667285 1.16644,1.66559 2.49838,3.00015 1.33457,1.33194 2.00185,2.33287 2.00185,3.00015 0,0.667285 -0.333642,2.33287 -1.00093,4.99938 -7.33225,-1.33457 -11.3333,-2.33287 -12.0006,-3.00015l-3.00015 1.99923 2.00185 2.00185zm4.99938 20.9985c0.667285,-3.3338 1.00093,-5.33303 1.00093,-6.00031 0.664658,-0.664658 1.33194,-1.16644 1.99923,-1.50008 0.667285,-0.331015 1.33194,-0.49915 1.99923,-0.49915 0,0.667285 0.667285,2.33287 1.99923,4.99938 -0.664658,0 -1.83109,0.501777 -3.49931,1.50008 -1.66559,1.00093 -2.83202,1.50008 -3.49931,1.50008zm10.9997 -40.0003c0,0 -1.00093,-0.333642 -3.00015,-0.9983 0.667285,-0.667285 1.00093,-1.00093 1.00093,-1.00093 0,0 0.333642,0.168135 0.9983,0.49915 0.667285,0.333642 1.33457,0.501777 2.00185,0.501777 -0.667285,0.664658 -1.00093,0.9983 -1.00093,0.9983zm-61.9997 70.0019c-0.667285,-4.00108 -0.49915,-6.33395 0.49915,-7.00124 1.00093,-0.667285 3.50193,0 7.50039,1.99923 -2.66651,4.66837 -5.33303,6.33395 -7.99954,5.00201zm4.99938 -92.9996c0,0 -0.667285,0.331015 -1.99923,0.9983 -0.667285,-1.99923 -1.00093,-3.00015 -1.00093,-3.00015 0,0 0.333642,-0.165508 1.00093,-0.49915 0.667285,-0.333642 1.00093,-0.49915 1.00093,-0.49915 0.664658,1.33194 0.9983,2.33287 0.9983,3.00015zm3.00015 116.998c-1.33194,1.99923 -1.99923,3.00015 -1.99923,3.00015 0,0 -1.00093,-0.333642 -3.00015,-1.00093 0.667285,-0.664658 1.33194,-1.99923 1.99923,-3.99846l3.00015 1.99923zm-9.00046 13.9998c0,0 -0.333642,-0.333642 -0.9983,-0.9983 0,-0.667285 0.333642,-1.16644 0.9983,-1.50008 0.667285,-0.333642 1.00093,-0.501777 1.00093,-0.501777 0.667285,0.667285 1.33194,1.33457 1.99923,2.00185 -1.99923,0.664658 -3.00015,0.9983 -3.00015,0.9983zm-10.9997 -20.9985c-0.667285,-0.667285 -0.9983,-1.00093 -0.9983,-1.00093 0,-0.667285 0.664658,-1.33457 1.99923,-1.99923 0,0.664658 0,0.9983 0,0.9983 0,0 -0.333642,0.667285 -1.00093,2.00185zm7.99954 -32.0008c-1.33194,0 -3.49931,0 -6.49946,0 -3.00015,0 -5.16752,0 -6.49946,0 0,-6.66759 2.66651,-10.0014 7.99954,-10.0014 2.66651,0.667285 4.33472,4.00108 4.99938,10.0014zm-4.99938 -179.999c1.99923,1.33194 4.00108,2.33287 6.00031,2.99753 -2.66651,2.66914 -4.3321,4.00108 -4.99938,4.00108 0,0 -0.333642,-0.165508 -1.00093,-0.49915 -0.667285,-0.333642 -1.00093,-0.667285 -1.00093,-1.00093 0,-0.333642 0.333642,-2.16736 1.00093,-5.49853zm6.00031 -8.00216c0,0 -0.333642,-0.333642 -1.00093,-0.9983 -0.664658,-0.667285 -0.9983,-1.00093 -0.9983,-1.00093 0,-1.99923 0.333642,-3.00015 0.9983,-3.00015 0.667285,0 2.66651,0.333642 6.00031,1.00093 -2.66651,1.99923 -4.3321,3.3338 -4.99938,3.99846zm-6.00031 86.0009c0.667285,0.667285 1.99923,4.00108 4.00108,9.99877 -0.667285,0.667285 -1.33457,1.33457 -2.00185,2.00185 -5.33303,-3.3338 -8.33318,-5.33303 -8.99784,-6.00031 0,0 0.331015,-2.33287 0.9983,-7.00124 4.00108,0.667285 6.00031,1.00093 6.00031,1.00093zm-6.99861 -109.001c1.33194,0.667285 1.99923,1.00093 1.99923,1.00093 0,0 -0.333642,0.667285 -1.00093,1.99923l-1.99923 -0.9983c0.667285,-1.33457 1.00093,-2.00185 1.00093,-2.00185zm-5.00201 152.002c0,0 0.667285,-0.667285 2.00185,-2.00185 1.99923,2.66914 3.00015,4.00108 3.00015,4.00108 -0.667285,0 -1.33457,0.333642 -2.00185,1.00093 -0.664658,0.664658 -0.9983,0.9983 -0.9983,0.9983 -1.33457,-1.99923 -2.00185,-3.33117 -2.00185,-3.99846zm-1.99923 -139l0 -3.00015c0.667285,0 2.33287,0.333642 4.99938,1.00093 -1.33194,1.99923 -1.99923,3.00015 -1.99923,3.00015 -1.33457,0 -2.33287,-0.333642 -3.00015,-1.00093zm-6.00031 -29.0006c0.667285,0 1.16644,0 1.50008,0 0.333642,0 0.49915,0 0.49915,0 0,0.667285 0,1.00093 0,1.00093 0,0 -0.331015,0 -0.9983,0 0,0 -0.333642,-0.333642 -1.00093,-1.00093zm1.99923 -21.9994l-0.9983 0 0 -1.00093 0.9983 1.00093zm-2.99753 35.9992c1.99923,-1.99923 3.33117,-3.00015 3.99846,-3.00015 0,0 0.333642,0.168135 1.00093,0.501777 0.667285,0.331015 0.9983,0.49915 0.9983,0.49915 0,0.667285 -0.9983,1.99923 -3.00015,3.99846 -0.664658,-0.664658 -1.66559,-1.33194 -2.99753,-1.99923zm0.9983 114.001c-1.99923,-2.66651 -3.3338,-4.66574 -3.99846,-6.00031 2.66651,-1.99923 3.99846,-3.00015 3.99846,-3.00015 1.99923,0.667285 3.3338,1.99923 4.00108,4.00108 0,0 -1.33457,1.66559 -4.00108,4.99938zm-27.9997 -181c1.99923,-2.66651 3.00015,-4.66837 3.00015,-6.00031 0,-1.33457 -0.49915,-3.3338 -1.50008,-6.00031 -1.00093,-2.66651 -1.50008,-4.66574 -1.50008,-6.00031 5.33303,0.667285 9.00046,4.66837 10.9997,12.0006 -3.3338,1.99923 -3.3338,4.66574 0,7.99954 1.33457,6.66759 1.99923,10.6661 1.99923,12.0006 0.667285,3.3338 -0.9983,4.99938 -4.99938,4.99938 -5.33303,-6.66759 -7.99954,-12.9989 -7.99954,-18.9992zm12.9989 38.9994c-1.33194,0.667285 -5.66667,-1.00093 -12.9989,-4.99938 3.3338,0.667285 4.99938,0.9983 4.99938,0.9983 4.00108,-1.99923 7.00124,-0.664658 9.00046,4.00108 -0.667285,0.667285 -1.00093,1.33457 -1.00093,1.99923 0,0.667285 0,1.00093 0,1.00093 0,-0.667285 0,-1.66559 0,-3.00015zm-5.99768 86.0009c0,-1.33457 0,-2.16736 0,-2.501 0,-0.333642 0.165508,-0.49915 0.49915,-0.49915 0.333642,0 0.667285,0 1.00093,0 0.331015,0 0.832793,0.667285 1.50008,1.99923 -0.667285,0 -1.33457,0.165508 -2.00185,0.49915 -0.667285,0.333642 -0.9983,0.501777 -0.9983,0.501777zm5.99768 -47.0016l1.00093 0 0 1.00093 -1.00093 -1.00093zm-3.99846 -105c0,0 0.333642,-1.99923 1.00093,-6.00031 0,0 0.664658,0 1.99923,0 3.99846,11.3333 7.6659,21.6684 10.9997,31.0025 -7.33225,1.99923 -10.9997,3.33117 -10.9997,3.99846 0,-3.99846 0,-6.66759 0,-7.99954l-1.00093 0c1.99923,-4.66574 3.00015,-7.33225 3.00015,-7.99954 0,-1.33457 -0.667285,-3.50193 -1.99923,-6.49946 -1.33457,-3.00015 -2.33287,-5.16752 -3.00015,-6.50209zm7.99954 87.0019c1.33457,-1.33457 2.16736,-2.00185 2.501,-2.00185 0.333642,0 1.16644,0.667285 2.49838,2.00185 -1.99923,0.664658 -3.00015,1.33194 -3.00015,1.99923 0,0 -0.664658,-0.667285 -1.99923,-1.99923zm4.00108 47.9999c0,0 -0.333642,1.33194 -1.00093,3.99846 -1.33457,-0.664658 -3.16566,-1.16644 -5.50116,-1.50008 -2.33287,-0.333642 -4.49761,-0.832793 -6.49946,-1.50008 -0.667285,-7.33225 1.00093,-11.667 4.99938,-12.9989 4.66837,6.66759 7.33488,10.6661 8.00216,12.0006zm-10.9997 65.9982c0,-0.664658 -0.501777,-1.16644 -1.50008,-1.50008 -1.00093,-0.331015 -1.83372,-0.832793 -2.501,-1.50008 0,0 0.333642,-0.331015 1.00093,-0.9983 0.664658,-0.667285 0.9983,-1.00093 0.9983,-1.00093 1.33457,0.667285 2.16736,1.16644 2.501,1.50008 0.333642,0.333642 0.165508,1.50008 -0.49915,3.49931zm-9.00046 -93.9979l-1.00093 0 0 -1.00093 1.00093 1.00093zm-6.00031 -23.0003c0,0 -0.667285,-0.333642 -1.99923,-1.00093 0,-0.667285 0.165508,-1.00093 0.49915,-1.00093 0.333642,0 0.832793,0 1.50008,0l0 2.00185zm0.9983 -13.0015c-4.66574,-1.99923 -5.66667,-5.33303 -2.99753,-9.99877 3.33117,0 5.66667,0 6.99861,0 0,0.667285 0.49915,1.66559 1.50008,3.00015 1.00093,1.33194 1.33457,2.33287 1.00093,3.00015 -0.333642,0.664658 -0.83542,1.66559 -1.50008,3.00015 -2.00185,1.33194 -3.66744,1.66559 -5.00201,0.9983zm3.00015 -27.9997c-0.664658,0.667285 -1.33194,1.99923 -1.99923,4.00108 -0.667285,-2.00185 -1.00093,-3.00015 -1.00093,-3.00015 0,-0.667285 0.168135,-1.16644 0.501777,-1.50008 0.333642,-0.333642 0.667285,-0.49915 0.9983,-0.49915 0.333642,0 0.667285,0.165508 1.00093,0.49915 0.333642,0.333642 0.49915,0.49915 0.49915,0.49915zm-8.99784 -6.99861c-2.00185,0.664658 -3.16829,0.9983 -3.50193,0.9983 -0.333642,0 -0.832793,-0.664658 -1.50008,-1.99923 2.00185,-1.33457 3.00015,-1.83372 3.00015,-1.50008 0,0.333642 0.667285,1.16644 2.00185,2.501zm-11.5015 17.4992c-0.333642,0.333642 -0.667285,0.49915 -1.00093,0.49915 -0.331015,0 -0.664658,-0.165508 -0.9983,-0.49915 -0.333642,-0.333642 -0.49915,-0.667285 -0.49915,-1.00093 0,-0.333642 0.331015,-1.50008 0.9983,-3.49931 1.33457,1.99923 1.99923,3.00015 1.99923,3.00015 0,0.667285 -0.165508,1.16644 -0.49915,1.50008zm-0.49915 -71.4993l7.99954 0c-0.667285,2.66651 -0.667285,4.99938 0,6.99861 0.667285,2.00185 0.165508,4.00108 -1.50008,6.00031 -1.66559,1.99923 -4.50023,3.3338 -8.49869,4.00108 0,-6.66759 0,-10.335 0,-10.9997 0,0 0.664658,-2.00185 1.99923,-6.00031zm6.99861 23.0003c1.33457,0 3.00015,-0.168135 5.00201,-0.501777 1.99923,-0.333642 3.83295,-0.333642 5.49853,0 1.66821,0.333642 2.83465,1.50008 3.49931,3.50193 -5.99768,1.33194 -9.33148,1.99923 -9.99877,1.99923 -4.00108,0 -5.33303,-1.66821 -4.00108,-4.99938zm23.0003 -90.002c1.33457,0 2.00185,0 2.00185,0 -0.667285,2.66651 -1.00093,5.00201 -1.00093,7.00124 -1.99923,-0.667285 -3.00015,-1.00093 -3.00015,-1.00093 0.667285,-1.99923 1.33194,-3.99846 1.99923,-6.00031zm12.0006 55.0011c6.00031,3.3338 8.33318,8.33318 7.00124,15.0008 -0.667285,0 -2.501,-0.667285 -5.50116,-2.00185 -3.00015,-1.33194 -5.33303,-1.99923 -7.00124,-1.99923 -1.66559,0 -3.49931,1.33457 -5.49853,4.00108 -6.66759,0 -10.3324,-3.3338 -10.9997,-10.0014 6.00031,-6.66497 9.33148,-10.3324 9.99877,-10.9997 7.99954,4.00108 12.0006,6.00031 12.0006,6.00031zm7.00124 15.0008c0.664658,0 1.83109,0 3.49931,0 1.66559,0 2.83202,0 3.49931,0 -0.667285,3.33117 -1.00093,4.99938 -1.00093,4.99938 -1.99923,4.66574 -3.99846,6.33395 -5.99768,4.99938 -2.00185,-1.33194 -2.00185,-4.3321 0,-9.00046 0,0 0,-0.333642 0,-0.9983zm7.99954 40.9986c-2.00185,-1.99923 -2.83465,-3.49931 -2.501,-4.50023 0.333642,-0.9983 1.16644,-2.33287 2.501,-3.99846 1.33194,-1.66821 1.99923,-3.16829 1.99923,-4.50023 4.00108,1.33194 7.00124,2.33287 9.00046,3.00015 0,7.99954 -0.168135,12.9989 -0.501777,14.9981 -0.331015,2.00185 -2.16474,5.33565 -5.49853,10.0014 1.99923,1.99923 3.00015,3.3338 3.00015,3.99846 3.3338,2.00185 3.99846,4.00108 1.99923,6.00031 -0.667285,0 -1.50008,0 -2.49838,0 -1.00093,0 -1.83372,-0.333642 -2.501,-0.9983 -4.00108,-3.3338 -7.33225,-6.66759 -10.0014,-10.0014 -1.33194,-1.99923 -1.83109,-3.66481 -1.50008,-4.99938 0.333642,-1.33457 2.16736,-3.3338 5.50116,-6.00031l1.00093 -3.00015zm10.9997 -54.9985c6.66497,-1.33457 12.9989,0 18.9992,3.99846 -0.667285,1.33457 -1.33194,3.16829 -1.99923,5.50116 -0.667285,2.33287 -1.00093,4.50023 -1.00093,6.49946 -3.3338,-3.3338 -8.66682,-8.66682 -15.9991,-15.9991zm9.00046 29.9989c3.99846,-0.667285 7.33225,0.832793 9.99877,4.50023 2.66651,3.66744 4.33472,5.83218 4.99938,6.49946 -3.33117,1.33457 -5.66667,1.50008 -6.99861,0.49915 -1.33457,-0.9983 -2.83465,-3.00015 -4.50023,-5.99768 -1.66821,-3.00015 -2.83465,-4.83387 -3.49931,-5.50116zm10.9997 130c-1.33457,-1.99923 -2.00185,-3.00015 -2.00185,-3.00015 0,0 0.667285,-0.9983 2.00185,-3.00015 0.667285,2.00185 0.9983,3.00015 0.9983,3.00015 0,0 -0.331015,1.00093 -0.9983,3.00015zm9.99877 40.0003c0,0.667285 0,3.00015 0,7.00124 -11.3333,3.99846 -17.6673,6.33133 -18.9992,6.99861 -3.3338,1.33457 -4.99938,0 -4.99938,-4.00108 3.3338,-1.33194 8.66682,-3.99846 15.9991,-7.99954 0.667285,-1.33194 1.00093,-2.49838 1.00093,-3.49931 0,-1.00093 0.165508,-1.99923 0.49915,-3.00015 0.333642,-1.00093 1.16644,-1.16644 2.501,-0.49915 1.99923,0 3.33117,1.66559 3.99846,4.99938zm1.00093 72.9994c2.66651,0 4.3321,0 4.99938,0 -1.33194,2.66651 -1.99923,4.00108 -1.99923,4.00108 -1.33457,0 -2.33287,-0.333642 -3.00015,-1.00093 0,0 0,-1.00093 0,-3.00015zm6.00031 -278c0.667285,0 1.33194,0.333642 1.99923,1.00093 -0.667285,0.667285 -1.00093,1.00093 -1.00093,1.00093 0,0 -0.331015,0 -0.9983,0 0,0 0,-0.333642 0,-1.00093 0,-0.667285 0,-1.00093 0,-1.00093zm31.9982 25.0022c0.667285,3.33117 1.33457,5.66667 2.00185,6.99861 0,0 -1.33457,0.667285 -4.00108,1.99923 -1.33194,-1.33194 -1.99923,-2.33287 -1.99923,-3.00015 0.667285,-0.664658 1.66559,-2.66651 3.00015,-5.99768 0.667285,0 0.9983,0 0.9983,0zm-27.9997 66.9991c9.33411,-1.33457 26.8333,-1.83372 52.5001,-1.50008 25.6668,0.333642 42.1677,1.16644 49.4999,2.501 -9.99877,41.9995 -15.3318,64.3326 -15.9991,66.9991 -2.66651,7.99954 -14.3335,47.9999 -35.0009,119.998 -13.3326,-39.9977 -20.3312,-61.6661 -20.9985,-64.9999 -1.33457,-4.66574 -2.83465,-11.3333 -4.50023,-19.9975 -1.66821,-8.66682 -3.16829,-14.6671 -4.50023,-18.0009 -1.99923,-8.66682 -5.16752,-21.0011 -9.49962,-37.0002 -4.33472,-15.9991 -7.50039,-27.6661 -9.49962,-35.0009 0,0 -0.667285,-4.3321 -2.00185,-12.9989zm89.0011 -80.0006c0,0 0.667285,0.333642 1.99923,1.00093 -0.667285,0.667285 -0.9983,0.9983 -0.9983,0.9983 -0.667285,0 -1.33457,-0.664658 -2.00185,-1.99923 0,0 0.333642,0 1.00093,0zm1.99923 7.99954c0,0 1.33457,0.333642 4.00108,1.00093 -1.99923,2.66651 -3.3338,4.00108 -4.00108,4.00108 0,0 -0.333642,-0.168135 -0.9983,-0.501777 -0.667285,-0.333642 -1.00093,-0.49915 -1.00093,-0.49915 0.667285,-1.99923 1.33194,-3.3338 1.99923,-4.00108zm4.00108 30.9999c1.33194,0.667285 2.33287,1.33457 3.00015,2.00185 -1.33457,0.664658 -2.16736,0.9983 -2.501,0.9983 -0.333642,0 -1.16644,-0.333642 -2.49838,-0.9983 1.33194,-1.33457 1.99923,-2.00185 1.99923,-2.00185zm6.00031 -20.9985c6.66497,-3.3338 10.9997,-2.33287 12.9989,3.00015 -6.00031,3.3338 -10.3324,2.33287 -12.9989,-3.00015zm15.9991 -34c0,0.667285 0.165508,1.16644 0.49915,1.50008 0.333642,0.333642 0.83542,0.49915 1.50008,0.49915 -0.664658,0 -0.9983,0.165508 -0.9983,0.49915 0,0.333642 -0.333642,0.501777 -1.00093,0.501777 -0.667285,-0.667285 -1.00093,-1.00093 -1.00093,-1.00093 0,0 0.333642,-0.667285 1.00093,-1.99923zm4.00108 51.9983c0.664658,0.667285 1.33194,1.00093 1.99923,1.00093 -1.33457,0.667285 -1.99923,1.00093 -1.99923,1.00093 0,0 -0.333642,-0.333642 -1.00093,-1.00093 0,0 0.333642,-0.333642 1.00093,-1.00093zm7.99954 -54.9985c1.33194,-1.99923 1.99923,-3.16829 1.99923,-3.49931 0,-0.333642 1.00093,-0.168135 3.00015,0.49915 -0.667285,1.99923 -1.16644,3.00015 -1.50008,3.00015 -0.333642,0 -1.50008,0 -3.49931,0zm3.99846 32.0008c4.66837,1.99923 7.33488,2.99753 8.00216,2.99753 0,0 0.664658,1.66821 1.99923,5.00201 -6.66759,1.99923 -10.335,3.3338 -10.9997,3.99846 0.664658,-6.66497 0.9983,-10.6661 0.9983,-11.998zm9.00046 -21.0011c1.99923,3.3338 3.00015,5.16752 3.00015,5.49853 0,0.333642 -0.667285,1.83372 -1.99923,4.50023 -1.99923,-2.66651 -3.00015,-4.16659 -3.00015,-4.50023 0,-0.331015 0.667285,-2.16474 1.99923,-5.49853zm4.99938 35.9992c0,0 1.33457,0 4.00108,0 0,2.00185 -0.333642,4.99938 -1.00093,9.00046 -0.664658,4.00108 -1.33194,6.66759 -1.99923,7.99954 -4.00108,1.33457 -7.99954,0.333642 -12.0006,-3.00015 6.00031,-7.99954 9.66775,-12.6653 10.9997,-13.9998zm7.00124 -47.9999c0.667285,0.667285 1.33194,1.33457 1.99923,1.99923 0.667285,0.667285 1.33457,1.33457 2.00185,2.00185 -0.667285,0 -1.33457,0.49915 -2.00185,1.50008 -0.667285,0.9983 -1.33194,1.50008 -1.99923,1.50008 -1.33457,-0.667285 -2.66651,-1.33457 -4.00108,-2.00185 0.667285,-0.664658 1.33457,-1.50008 2.00185,-2.49838 0.664658,-1.00093 1.33194,-1.83372 1.99923,-2.501zm12.0006 41.9995c0,1.33457 0,3.16829 0,5.50116 0,2.33287 0,4.16659 0,5.49853 -0.667285,-1.99923 -1.50008,-3.49931 -2.501,-4.49761 -1.00093,-1.00093 -1.83372,-1.50008 -2.501,-1.50008 -0.664658,0 -2.16474,0 -4.49761,0 -2.3355,0 -3.83557,0 -4.50023,0 0.664658,-0.667285 0.9983,-1.83372 0.9983,-3.50193 0,-1.66559 0.333642,-2.49838 1.00093,-2.49838 0.667285,0 1.99923,0 4.00108,0 0.664658,0.664658 3.33117,0.9983 7.99954,0.9983zm1.99923 12.0006c1.99923,0 3.83295,1.33457 5.50116,4.00108 1.66559,2.66651 3.16566,3.99846 4.49761,3.99846 0,0.667285 2.00185,0.832793 6.00031,0.501777 4.00108,-0.333642 6.00031,0.49915 6.00031,2.49838 0,0 0.333642,0.667285 1.00093,2.00185 0,1.33194 -0.49915,2.33287 -1.50008,2.99753 -1.00093,0.667285 -2.33287,1.16906 -4.00108,1.50008 -1.66559,0.333642 -3.16566,0.501777 -4.50023,0.501777 -0.664658,1.99923 -1.50008,6.16582 -2.49838,12.4998 -1.00093,6.33395 -2.501,11.3333 -4.50023,15.0008 -1.99923,3.66481 -4.99938,6.8331 -9.00046,9.49962 6.66759,-1.33457 10.3324,-2.00185 10.9997,-2.00185 4.00108,0 4.99938,2.00185 3.00015,6.00031 -1.33194,-0.664658 -3.49931,-1.33194 -6.49946,-1.99923 -3.00015,-0.667285 -5.50116,-1.33457 -7.50039,-1.99923 1.99923,4.66574 3.00015,7.33225 3.00015,7.99954 0,0 0.333642,1.66559 1.00093,4.99938 -1.33457,-0.667285 -3.66744,-1.83372 -7.00124,-3.49931 -3.3338,-1.66821 -6.00031,-2.83465 -7.99954,-3.49931 1.99923,-12.6679 3.00015,-20.6674 3.00015,-24.0012 0,0 1.33194,-1.00093 3.99846,-3.00015 2.66914,4.66574 4.66837,8.33318 6.00031,10.9997 3.3338,-5.33303 5.00201,-7.99954 5.00201,-7.99954 -0.667285,-1.99923 -2.66651,-7.6659 -6.00031,-17 -2.66651,-9.33411 -4.33472,-14.3335 -5.00201,-15.0008 0,0 1.66821,-1.66559 5.00201,-4.99938 1.33194,0 1.99923,0 1.99923,0zm9.99877 -35.9992c1.33457,1.33194 2.3355,1.99923 3.00015,1.99923 -0.664658,0 -0.9983,0.333642 -0.9983,1.00093 -0.667285,0.667285 -1.33457,0.9983 -2.00185,0.9983 -0.664658,-1.33194 -0.9983,-2.33287 -0.9983,-3.00015 0,0 0.333642,-0.331015 0.9983,-0.9983zm1.00093 -17c-0.667285,0.667285 -1.16644,0.9983 -1.50008,0.9983 -0.333642,0 -0.832793,-0.331015 -1.50008,-0.9983 0,-0.667285 0,-1.00093 0,-1.00093 0.667285,0 1.33457,0.168135 1.99923,0.49915 0.667285,0.333642 1.00093,0.501777 1.00093,0.501777zm-6.99861 -17c5.99768,-0.667285 9.66512,-0.667285 10.9997,0 1.33194,0.667285 3.3338,3.99846 6.00031,9.99877 -6.66759,-2.66651 -12.3343,-6.00031 -17,-9.99877zm10.9997 51.9983c6.66497,2.66914 11.3333,6.00031 13.9998,10.0014 -0.667285,0 -3.00015,-0.832793 -7.00124,-2.501 -3.99846,-1.66559 -6.33395,-4.16659 -6.99861,-7.50039zm12.9989 -19.9975c0.667285,0.664658 1.16644,0.9983 1.50008,0.9983 0.333642,0 0.49915,0.333642 0.49915,1.00093 0,0 -0.664658,0.333642 -1.99923,0.9983 0,-0.664658 0,-1.16644 0,-1.50008 0,-0.331015 0,-0.832793 0,-1.49745zm9.00046 -49.0008c1.33194,0.667285 6.33395,3.66744 15.0008,9.00046 -1.33457,1.99923 -2.66651,3.00015 -4.00108,3.00015 -1.33194,0 -2.501,-0.333642 -3.49931,-1.00093 -1.00093,-0.667285 -1.83372,-1.00093 -2.501,-1.00093 -0.667285,0 -1.66559,0.333642 -3.00015,1.00093 -1.33194,0.667285 -2.49838,1.00093 -3.49931,1.00093 -1.00093,0 -2.16736,-0.667285 -3.49931,-2.00185 1.33194,-2.66651 3.00015,-6.00031 4.99938,-9.99877zm15.9991 43.0005c0,-0.667285 1.66821,0 5.00201,1.99923 -2.66914,2.66651 -4.16659,4.00108 -4.50023,4.00108 -0.333642,0 -1.00093,-0.333642 -2.00185,-1.00093 -0.9983,-0.667285 -1.50008,-1.00093 -1.50008,-1.00093 1.33457,-2.66651 2.3355,-3.99846 3.00015,-3.99846zm19.0019 -38.0011c0,0 0.331015,0.333642 0.9983,1.00093l-0.9983 0.9983c-1.33457,0.667285 -2.00185,1.00093 -2.00185,1.00093l-0.9983 -1.99923c1.33194,-0.667285 2.33287,-1.00093 3.00015,-1.00093zm-183.002 378.999c-5.33303,0.667285 -6.66497,4.99938 -3.99846,13.0015 6.66497,-4.66837 9.99877,-7.33488 9.99877,-8.00216 4.00108,-7.99954 10.0014,-9.99877 18.0009,-5.99768 0,0 1.33194,-0.333642 3.99846,-1.00093 0,-2.66651 -0.664658,-4.99938 -1.99923,-7.00124 -1.33194,-1.99923 -3.00015,-2.66651 -4.99938,-1.99923 -9.33411,1.33457 -16.6664,-1.66559 -21.9994,-9.00046 -2.66651,4.66837 -4.00108,7.50039 -4.00108,8.50131 0,0.9983 1.66559,2.49838 4.99938,4.50023 0,0 1.33457,0.9983 4.00108,3.00015 -2.66651,2.66651 -4.00108,3.99846 -4.00108,3.99846zm-51.9983 3.00015c0,0 0,-0.333642 0,-0.9983 0,0.664658 0,0.9983 0,0.9983zm5.99768 6.00031c0,-2.66651 -1.99923,-4.66574 -5.99768,-6.00031 -2.00185,6.66759 -3.66744,10.335 -5.00201,10.9997 -5.33303,4.00108 -8.33318,10.9997 -8.99784,21.0011 1.33194,0 4.99938,1.99923 10.9997,6.00031 2.66651,-2.00185 3.00015,-4.66837 0.9983,-7.99954 -1.99923,-3.3338 -2.66651,-5.66667 -1.99923,-7.00124 1.33457,-0.667285 4.00108,-1.33194 7.99954,-1.99923 1.33457,-8.66682 1.99923,-13.6662 1.99923,-15.0008zm89.0011 24.9995c1.99923,0.667285 4.66574,0.667285 7.99954,0 3.3338,-0.667285 6.16844,-0.9983 8.50131,-0.9983 2.33287,0 4.50023,0.9983 6.49946,3.00015 0,-1.33457 -0.168135,-3.16829 -0.49915,-5.50116 -0.333642,-2.33287 -0.501777,-4.3321 -0.501777,-6.00031 0,-1.66559 0.501777,-3.66744 1.50008,-6.00031 1.00093,-2.33287 2.83465,-4.83387 5.50116,-7.50039 -10.6661,2.00185 -19.3329,3.66744 -26.0005,5.00201 -1.99923,10.6661 -3.00015,16.6664 -3.00015,17.9983zm13.9998 -13.9998c0,0 0.333642,0.333642 1.00093,1.00093 -1.33457,1.33194 -2.16736,1.99923 -2.501,1.99923 -0.333642,0 -1.16644,-0.667285 -2.49838,-1.99923 1.99923,-0.667285 3.33117,-1.00093 3.99846,-1.00093zm9.00046 16.0017l1.00093 0 -1.00093 0c0.667285,0 1.00093,0 1.00093,0l-1.00093 0zm-27.9997 -4.00108c-1.99923,-0.667285 -3.49931,-0.667285 -4.50023,0 -1.00093,0.667285 -1.50008,1.99923 -1.50008,4.00108 0.667285,0.664658 1.33194,2.49838 1.99923,5.49853 0.667285,3.00015 1.16644,5.33303 1.50008,7.00124 0.333642,1.66559 1.33457,3.66481 3.00015,6.00031 1.66821,2.33287 3.83295,4.16659 6.49946,5.49853 -0.664658,-2.66651 -3.00015,-12.0006 -6.99861,-27.9997zm-1.99923 -27.9997c-1.33457,0 -7.66852,3.00015 -19.0019,9.00046 3.3338,0.664658 7.00124,0.165508 10.9997,-1.50008 4.00108,-1.66821 7.33488,-1.83372 10.0014,-0.501777 0.667285,0.667285 1.66559,0.501777 3.00015,-0.49915 1.33194,-1.00093 1.66559,-2.16736 0.9983,-3.49931 -1.33194,-3.3338 -3.33117,-4.33472 -5.99768,-3.00015zm-50.0017 49.0008c0,-5.33565 -3.00015,-8.33581 -9.00046,-9.00046 -2.66651,5.33303 -3.99846,8.33318 -3.99846,9.00046 1.33194,1.33194 2.83202,1.99923 4.50023,1.99923 1.66559,0 3.33117,-0.333642 4.99938,-1.00093 1.66559,-0.667285 2.83202,-0.9983 3.49931,-0.9983zm46.0006 -66.0008c2.66651,0.667285 4.83387,0.165508 6.49946,-1.50008 1.66821,-1.66821 2.501,-4.50023 2.501,-8.50131 -5.33303,3.3338 -8.66682,5.33303 -10.0014,6.00031 0,0 0.168135,0.667285 0.501777,2.00185 0.331015,1.33194 0.49915,1.99923 0.49915,1.99923zm-52.9992 47.9999c1.33194,1.33194 3.00015,0.667285 4.99938,-1.99923 0,0 0.333642,-1.33457 1.00093,-4.00108 -0.667285,-0.667285 -1.00093,-1.00093 -1.00093,-1.00093 -3.3338,0.667285 -5.66667,1.33457 -7.00124,2.00185l2.00185 4.99938zm40.0003 9.99877c-3.3338,-0.664658 -5.00201,-0.832793 -5.00201,-0.49915 0,0.333642 -2.66651,0.832793 -7.99954,1.50008 1.33457,0 3.49931,0.165508 6.49946,0.49915 3.00015,0.333642 5.16752,0.83542 6.50209,1.50008 0,-0.664658 0,-1.33194 0,-1.99923 0,-0.667285 0,-1.00093 0,-1.00093zm-65.0025 8.00216c-3.99846,1.33194 -5.99768,3.33117 -5.99768,5.99768 0,0.667285 0.331015,1.33457 0.9983,2.00185 2.00185,0.664658 4.33472,-1.00093 7.00124,-5.00201 0.667285,0 1.33194,-0.9983 1.99923,-2.99753 -2.66651,-0.667285 -4.00108,-0.667285 -4.00108,0zm12.0006 -10.0014c-0.667285,-0.667285 -1.66559,-1.33194 -3.00015,-1.99923 0,0.667285 -0.165508,1.50008 -0.49915,2.49838 -0.333642,1.00093 -0.49915,1.50008 -0.49915,1.50008 1.99923,0.667285 3.00015,1.00093 3.00015,1.00093 0,0 0.331015,-1.00093 0.9983,-3.00015zm47.0016 -15.9991c0,0.664658 0.664658,2.33287 1.99923,4.99938 0.667285,-0.667285 1.33194,-1.16644 1.99923,-1.50008 0.667285,-0.333642 1.00093,-0.49915 1.00093,-0.49915 -1.33457,-2.66651 -2.33287,-4.00108 -3.00015,-4.00108 0,0 -0.49915,0.168135 -1.50008,0.49915 -1.00093,0.333642 -1.16644,0.501777 -0.49915,0.501777zm-53.0019 45.998c-0.664658,0 -3.00015,0 -6.99861,0 3.3338,2.66914 5.33303,4.00108 6.00031,4.00108 0,0 0.9983,-0.333642 3.00015,-1.00093 -0.667285,-1.99923 -1.33457,-3.00015 -2.00185,-3.00015zm2.00185 -44.9997c0.664658,2.00185 1.16644,3.00015 1.50008,3.00015 0.331015,0 1.50008,-0.333642 3.49931,-0.9983 -1.33457,-2.00185 -1.99923,-3.00015 -1.99923,-3.00015 0,0 -1.00093,0.333642 -3.00015,0.9983z"/>
   <glyph unicode="O" horiz-adv-x="514" d="M49.9991 80.9989c0,16.669 0,101.002 0,253.001 0,137.999 0,221 0,249 0,13.3326 2.3355,25.6668 7.00124,37.0002 4.66574,12.0006 13.9998,23.0003 27.9997,32.9991 13.9998,10.0014 27.9997,15.0008 41.9995,15.0008 1.33457,0 24.0012,0 68,0 120.001,0 181.667,0 185.001,0 17.3336,0 32.0008,-3.66744 43.9988,-10.9997 26.6678,-15.3344 40.334,-38.6657 41.0012,-69.9992 0,-4.66837 0,-31.3335 0,-80.0006 0,-148.665 0,-244.999 0,-289 0,-3.3338 -0.333642,-8.66682 -1.00093,-15.9991 -0.667285,-7.33488 -0.9983,-12.6679 -0.9983,-16.0017 0,-1.33194 0.331015,-3.99846 0.9983,-7.99954 0.667285,-3.99846 1.00093,-6.99861 1.00093,-9.00046 0,-48.6645 0,-79.3333 0,-91.9986 -0.667285,-20.6674 -8.50131,-38.5002 -23.4995,-53.501 -15.0008,-15.0008 -32.8336,-22.4985 -53.501,-22.4985 -79.3333,-1.33457 -166.333,-1.33457 -261,0 -20.6674,0 -38.6657,7.99954 -54.0002,23.9986 -15.3318,16.0017 -23.0003,34.6673 -23.0003,55.9994zm81.0016 269c0.667285,0 1.99923,0 3.99846,0 0,-0.664658 0.333642,-1.66559 1.00093,-2.99753 -0.667285,0 -1.33457,0 -1.99923,0 0,0.664658 0.333642,1.66559 0.9983,2.99753 -1.33194,1.33457 -1.99923,2.00185 -1.99923,2.00185 0,0 -1.00093,0 -3.00015,0 0.667285,-1.33457 1.00093,-2.00185 1.00093,-2.00185zm261 -159.999c0,0.667285 -0.333642,3.3338 -1.00093,7.99954 0.667285,0 1.50008,0 2.501,0 0.9983,0 2.33287,0 3.99846,0 1.66821,0 3.16829,0.333642 4.50023,1.00093 -4.66574,3.99846 -7.33225,6.00031 -7.99954,6.00031 0,0 -1.66821,0 -4.99938,0 1.33194,-4.00108 2.33287,-6.66759 3.00015,-8.00216 -3.3338,-1.99923 -5.00201,-2.99753 -5.00201,-2.99753 0,-0.667285 0,-2.3355 0,-5.00201 3.3338,0.667285 5.00201,1.00093 5.00201,1.00093zm-15.0008 375.001c-0.667285,0 -1.66559,-0.168135 -3.00015,-0.501777 -1.33457,-0.333642 -2.33287,-0.49915 -3.00015,-0.49915 -1.33194,0 -3.16566,-0.168135 -5.50116,-0.49915 -2.33287,-0.333642 -3.83295,-0.83542 -4.49761,-1.50008 0.664658,-3.3338 1.66559,-5.33565 3.00015,-6.00031 1.33194,-0.667285 4.66574,-1.66821 9.99877,-3.00015 -1.99923,6.66497 -3.00015,10.3324 -3.00015,10.9997l6.00031 0 0 1.00093zm-126.001 -530c0.667285,0 2.00185,1.33194 4.00108,3.99846 1.99923,1.33457 4.00108,3.66744 6.00031,7.00124 1.99923,3.3338 4.3321,5.66667 6.99861,6.99861 0.667285,0.667285 0.667285,1.66821 0,3.00015 -0.664658,1.33457 -1.66559,2.33287 -3.00015,3.00015 -5.33303,1.33457 -8.99784,-0.333642 -10.9997,-4.99938 -1.99923,-5.33303 -1.66559,-10.3324 1.00093,-15.0008 -3.3338,0 -5.33303,0 -6.00031,0 0,0 -0.333642,-1.66559 -1.00093,-4.99938 2.00185,0.667285 3.00015,1.00093 3.00015,1.00093zm69.0009 80.9989c0,0 1.33457,1.00093 4.00108,3.00015 1.33194,14.6671 1.99923,30.6662 1.99923,47.9999 -0.667285,7.99954 -1.00093,44.9997 -1.00093,111 0,91.334 0,159.665 0,204.998 0,22.6667 0.168135,35.3346 0.501777,38.0011 0.331015,2.66651 -0.168135,12.6679 -1.50008,29.9989 -10.0014,1.33457 -25.3332,2.00185 -46.0006,2.00185 -15.9991,0 -30.3326,-0.333642 -43.0005,-1.00093 -3.3338,0 -8.16767,0.168135 -14.499,0.49915 -6.33395,0.333642 -12.0006,0.333642 -17,0 -5.00201,-0.331015 -9.49962,-1.50008 -13.5007,-3.49931 -0.667285,-7.99954 -1.00093,-12.0006 -1.00093,-12.0006 0,-31.9982 0,-91.665 0,-178.998 0,-101.335 0,-177.001 0,-227 0,-0.667285 0.667285,-5.33303 2.00185,-13.9998 9.33148,-1.33457 23.3313,-1.83372 41.9995,-1.50008 18.6656,0.333642 32.6654,-0.168135 41.9995,-1.50008 1.99923,0 17,0.667285 44.9997,1.99923zm80.0006 273.999c0,0 0.333642,1.66821 0.9983,5.00201 0.667285,7.99954 -1.33194,13.3326 -5.99768,15.9991 -1.33457,0.667285 -3.66744,0.333642 -7.00124,-1.00093 -1.99923,-1.33194 -2.66651,-3.00015 -1.99923,-4.99938 3.99846,-6.00031 5.33303,-10.6661 3.99846,-13.9998 0,-0.667285 0.501777,-1.33457 1.50008,-1.99923 1.00093,-0.667285 2.16736,-1.00093 3.50193,-1.00093 1.33194,0 2.99753,0.667285 4.99938,1.99923zm-264.001 144c-0.667285,-2.66651 -1.66559,-5.16489 -3.00015,-7.49776 -1.33194,-2.3355 -3.3338,-5.16752 -6.00031,-8.50131 -2.66651,-3.3338 -4.66574,-5.66667 -6.00031,-6.99861 6.66759,1.33194 11.1678,3.33117 13.5007,5.99768 2.33287,2.66914 5.16752,9.66775 8.50131,21.0011 -4.66837,-1.99923 -7.00124,-3.3338 -7.00124,-4.00108zm-24.9995 20.0002c-0.667285,-9.33148 -1.00093,-14.3335 -1.00093,-14.9981 8.66682,0 13.9998,0 16.0017,0 1.33194,0 2.16474,0.832793 2.49838,2.49838 0.333642,1.66821 0.168135,2.83465 -0.49915,3.50193 -1.99923,0.664658 -7.6659,3.66481 -17,8.99784zm273.999 36.0019c-0.667285,-0.667285 -1.33194,-1.00093 -1.99923,-1.00093 -7.33488,-2.66651 -10.9997,-6.66759 -10.9997,-12.0006 9.99877,3.3338 17.9983,5.66667 23.9986,7.00124 -2.66651,6.00031 -6.33395,7.99954 -10.9997,6.00031zm27.9997 -218c4.00108,6.00031 7.00124,10.3324 9.00046,12.9989 -4.00108,4.00108 -6.00031,6.00031 -6.00031,6.00031 -0.667285,0.667285 -1.16644,1.83372 -1.50008,3.49931 -0.333642,1.66821 -0.667285,2.66651 -0.9983,3.00015 -0.333642,0.333642 -1.00093,0.333642 -2.00185,0 -0.9983,-0.333642 -1.66559,-1.16644 -1.99923,-2.49838 -0.333642,-1.33457 -0.49915,-2.66914 -0.49915,-4.00108 0,-1.33457 1.33194,-7.6659 3.99846,-18.9992zm3.00015 -30.0015c-1.33194,-6.00031 1.33457,-10.9997 7.99954,-14.9981 2.66651,7.99954 4.33472,12.3316 5.00201,12.9989 0.664658,3.3338 -1.00093,5.66667 -5.00201,7.00124 -3.99846,0.664658 -6.66497,-1.00093 -7.99954,-5.00201zm-293.999 -235.998c-1.33457,3.33117 -3.00015,7.99954 -4.99938,13.9998 -5.33303,-1.33457 -7.33488,-3.66744 -6.00031,-7.00124 1.33194,-4.66574 4.99938,-6.99861 10.9997,-6.99861zm4.00108 374c-3.3338,1.99923 -7.66852,3.99846 -13.0015,5.99768 -2.66651,-6.66497 -1.33194,-10.3324 4.00108,-10.9997 0,0 3.00015,1.66821 9.00046,5.00201zm-5.00201 -75.0012c0.667285,0 3.66744,0.667285 9.00046,1.99923 0,0 0.168135,0.501777 0.49915,1.50008 0.333642,1.00093 0.501777,1.50008 0.501777,1.50008 -5.33303,2.66651 -8.33318,4.00108 -9.00046,4.00108 -0.667285,0 -1.50008,-0.333642 -2.501,-1.00093 -0.9983,-0.667285 -1.50008,-0.9983 -1.50008,-0.9983 0.667285,-4.00108 1.66821,-6.33395 3.00015,-7.00124zm191.001 -351c0.667285,0 2.33287,1.33194 4.99938,4.00108 -0.667285,2.66651 -1.50008,4.66574 -2.501,5.99768 -0.9983,1.33457 -2.49838,1.66821 -4.49761,1.00093 -2.00185,-0.667285 -3.3338,-1.83372 -4.00108,-3.49931 -0.667285,-1.66821 -0.165508,-3.49931 1.50008,-5.50116 1.66559,-1.99923 3.16566,-2.66651 4.50023,-1.99923zm-184 507c0,0 0.667285,1.00093 1.99923,3.00015 -2.66651,4.66574 -4.3321,7.33225 -4.99938,7.99954 0,0 -0.49915,0 -1.50008,0 -1.00093,0 -1.50008,0 -1.50008,0 -1.99923,-1.33194 -2.66651,-2.33287 -1.99923,-3.00015 1.33194,-3.3338 2.66651,-6.00031 3.99846,-7.99954 0.667285,-0.667285 1.33457,-1.00093 2.00185,-1.00093 0.664658,0 1.33194,0.333642 1.99923,1.00093zm-20.0002 -233.001c1.99923,4.66837 1.66559,10.0014 -1.00093,16.0017 -1.33194,-6.00031 -0.9983,-11.3333 1.00093,-16.0017zm289 -150c-0.667285,-0.667285 -1.66821,-4.99938 -3.00015,-12.9989 5.33303,0.667285 8.66682,4.3321 9.99877,10.9997 0.667285,1.99923 0,3.3338 -1.99923,3.99846 -2.66651,0.667285 -4.3321,0 -4.99938,-1.99923zm-18.0009 298.001c0,0.667285 -1.33194,2.66651 -3.99846,6.00031 -2.00185,-7.33488 -0.333642,-10.9997 4.99938,-10.9997 -0.667285,3.3338 -1.00093,4.99938 -1.00093,4.99938zm37.0002 -344.001c0,0 -1.00093,-0.664658 -3.00015,-1.99923 1.33457,-1.99923 1.99923,-3.00015 1.99923,-3.00015 4.00108,-1.99923 7.00124,-1.99923 9.00046,0 0.667285,0.667285 0.667285,1.33457 0,1.99923 -0.664658,2.00185 -3.3338,3.00015 -7.99954,3.00015zm-30.9999 -10.9997c-5.33303,0 -6.00031,-3.99846 -1.99923,-11.998 3.99846,2.66651 6.00031,4.3321 6.00031,4.99938 1.33194,1.33194 1.66559,3.00015 0.9983,4.99938 -1.33194,1.33457 -3.00015,1.99923 -4.99938,1.99923zm-3.00015 377c0.667285,0 3.66744,1.00093 9.00046,3.00015 -4.00108,4.00108 -6.33395,6.00031 -7.00124,6.00031 -1.99923,0.667285 -3.99846,0 -5.99768,-1.99923 -0.667285,-1.33457 -0.501777,-2.83465 0.49915,-4.50023 1.00093,-1.66821 2.16736,-2.501 3.49931,-2.501zm-38.9994 89.0011c-0.667285,-0.667285 -3.3338,-2.33287 -7.99954,-4.99938 2.66651,-2.66914 6.00031,-2.66914 9.99877,0 0,0 0.333642,1.33194 1.00093,3.99846 -1.99923,0.667285 -3.00015,1.00093 -3.00015,1.00093zm49.9991 -329c0.667285,0 2.66651,1.66559 6.00031,4.99938 -5.33303,0.667285 -7.99954,1.00093 -7.99954,1.00093 -1.33457,-0.667285 -2.66651,-1.99923 -4.00108,-4.00108 0,0 0.168135,-0.49915 0.501777,-1.50008 0.333642,-0.9983 0.49915,-1.50008 0.49915,-1.50008 1.99923,0 3.66744,0.333642 4.99938,1.00093zm-6.99861 -126.001c-5.33303,0.667285 -9.00046,0.333642 -10.9997,-0.9983 -2.00185,-1.33457 -3.00015,-4.33472 -3.00015,-9.00046 0,0 4.66574,3.3338 13.9998,9.99877zm27.9997 -21.9994c-0.667285,0.667285 -3.3338,4.00108 -7.99954,10.0014 -0.667285,-6.00031 -0.667285,-9.33411 0,-10.0014 0.664658,-0.667285 3.33117,-0.667285 7.99954,0zm-60.0005 1.00093c0,0 1.66559,-1.99923 4.99938,-6.00031 2.00185,4.66574 3.00015,7.33225 3.00015,7.99954 0,1.33457 -1.33194,2.33287 -3.99846,3.00015 -1.33457,0 -2.501,-0.333642 -3.50193,-1.00093 -0.9983,-0.664658 -1.16644,-1.99923 -0.49915,-3.99846zm-20.0002 497.999c0.667285,0 1.50008,-0.49915 2.501,-1.50008 0.9983,-1.00093 1.83372,-1.83372 2.49838,-2.501 0.667285,1.33457 2.3355,3.3338 5.00201,6.00031 -2.66651,2.00185 -4.00108,3.00015 -4.00108,3.00015 -0.667285,0 -2.66651,-1.66559 -6.00031,-4.99938zm-222.001 -344.999c3.3338,6.00031 1.33457,9.33411 -5.99768,9.99877 2.66651,-3.99846 4.66574,-7.33225 5.99768,-9.99877zm81.0016 -235c0.667285,4.66574 -1.99923,8.33318 -7.99954,10.9997 0,-6.66759 2.66651,-10.3324 7.99954,-10.9997zm213.999 394c0.667285,0 3.00015,0.664658 7.00124,1.99923 -3.3338,3.3338 -4.99938,4.99938 -4.99938,4.99938 -1.33457,-0.667285 -2.66651,-1.99923 -4.00108,-3.99846l1.99923 -3.00015zm-295 -183.002c-1.99923,-2.66651 -4.3321,-5.66667 -6.99861,-9.00046 0,-0.664658 0.165508,-1.33194 0.49915,-1.99923 0.333642,-0.667285 0.832793,-0.9983 1.50008,-0.9983 4.66837,1.99923 7.00124,2.99753 7.00124,2.99753 0,0 -0.667285,3.00015 -2.00185,9.00046zm268.002 -165.999c-5.33303,1.99923 -8.50131,2.66651 -9.49962,1.99923 -1.00093,-0.667285 -1.16644,-3.66744 -0.501777,-9.00046 1.33457,1.33457 3.16829,2.83465 5.50116,4.50023 2.33287,1.66821 3.83295,2.501 4.50023,2.501zm37.0002 154.001c1.33194,-4.00108 4.3321,-4.66837 9.00046,-2.00185 -3.3338,3.3338 -6.33395,4.00108 -9.00046,2.00185zm-290.001 -6.00031c0,0 0.667285,1.33194 1.99923,3.99846 -3.99846,1.33457 -6.33133,2.00185 -6.99861,2.00185 0,0 -0.667285,-1.00093 -1.99923,-3.00015 3.33117,-1.33457 5.66667,-2.3355 6.99861,-3.00015zm259.999 68c0,0 -0.664658,1.33194 -1.99923,3.99846 -1.99923,-1.99923 -3.3338,-3.3338 -3.99846,-3.99846 0,0 0.664658,-1.00093 1.99923,-3.00015 2.66651,1.99923 3.99846,3.00015 3.99846,3.00015zm-221.998 -221c0,0 -0.667285,0.9983 -2.00185,3.00015 -2.66651,-2.00185 -3.99846,-3.16829 -3.99846,-3.50193 0,-0.333642 0,-0.832793 0,-1.50008 0,-0.664658 0.333642,-0.9983 1.00093,-0.9983 2.66651,-1.33457 4.3321,-0.333642 4.99938,3.00015zm-27.0014 31.9982c0,0 0.333642,1.33457 1.00093,4.00108 -2.66651,0 -4.33472,0 -4.99938,0 0,0 -0.667285,-1.00093 -2.00185,-3.00015 3.3338,-0.667285 5.33565,-1.00093 6.00031,-1.00093zm15.0008 -54.9985c0.667285,0.667285 1.33457,1.66559 1.99923,3.00015l-3.00015 0.9983c-0.664658,-1.99923 -0.9983,-3.00015 -0.9983,-3.00015 0,0 0.664658,-0.331015 1.99923,-0.9983zm215 167.998c2.66651,-1.33194 4.00108,-1.99923 4.00108,-1.99923 0,0 2.66651,0.667285 7.99954,1.99923 -5.33303,1.33457 -8.33318,2.00185 -9.00046,2.00185 0,0 -1.00093,-0.667285 -3.00015,-2.00185zm0.49915 170.502c0.333642,-0.333642 0.667285,-0.333642 1.00093,0 0.333642,0.333642 1.16644,0.832793 2.501,1.50008 -0.667285,0.664658 -1.66821,1.33194 -3.00015,1.99923 -0.667285,-1.33457 -1.00093,-2.33287 -1.00093,-3.00015 0,0 0.168135,-0.165508 0.49915,-0.49915zm10.5005 -284.5c0,0 -0.667285,0.664658 -1.99923,1.99923 -2.66651,-1.33457 -4.33472,-1.99923 -4.99938,-1.99923 0,0 -0.333642,-1.00093 -1.00093,-3.00015 3.3338,-0.667285 4.99938,-1.00093 4.99938,-1.00093 0,0.667285 1.00093,1.99923 3.00015,4.00108zm-7.99954 168.999c0,0 -0.667285,-1.00093 -1.99923,-3.00015 2.66651,-0.667285 4.3321,-1.33194 4.99938,-1.99923l1.99923 4.99938c-2.66651,0 -4.3321,0 -4.99938,0zm-272 151.999c0,0 0.165508,0.333642 0.49915,1.00093 0.333642,0.667285 0.501777,1.33457 0.501777,1.99923 -1.33457,0.667285 -2.16736,1.00093 -2.501,1.00093 -0.333642,0 -0.832793,-1.00093 -1.50008,-3.00015 0,0 1.00093,-0.333642 3.00015,-1.00093zm324.001 122c0.664658,0 3.00015,-0.9983 6.99861,-3.00015 -3.3338,3.3338 -4.99938,5.33303 -4.99938,6.00031 0,0 -0.667285,0 -1.99923,0 0,-1.99923 0,-3.00015 0,-3.00015zm-12.0006 -374c0.667285,0 2.33287,0.333642 4.99938,1.00093 -1.33194,2.66651 -1.99923,4.00108 -1.99923,4.00108 -0.667285,-0.667285 -1.99923,-1.66821 -4.00108,-3.00015 0.667285,-1.33457 1.00093,-2.00185 1.00093,-2.00185zm-281.001 137.001c0,0 1.66821,0.667285 4.99938,1.99923 -3.33117,2.00185 -5.33303,3.3338 -6.00031,4.00108 0,0 -0.9983,-0.333642 -2.99753,-1.00093 2.66651,-3.3338 3.99846,-4.99938 3.99846,-4.99938zm-6.00031 -145.999c0,-0.667285 1.00093,-2.3355 3.00015,-5.00201 1.99923,3.3338 3.00015,5.00201 3.00015,5.00201l-1.99923 2.99753c-2.66651,-1.33194 -4.00108,-2.33287 -4.00108,-2.99753zm13.0015 -105c-0.667285,1.33194 -1.66821,2.66651 -3.00015,3.99846 -2.00185,-0.667285 -3.00015,-0.9983 -3.00015,-0.9983 0,-0.667285 0.667285,-2.3355 1.99923,-5.00201 0,0 1.33457,0.667285 4.00108,2.00185zm297.998 403.999c0,0 2.3355,1.00093 7.00124,3.00015 -4.66574,1.33194 -7.00124,1.99923 -7.00124,1.99923 -0.664658,0 -1.66559,-0.667285 -3.00015,-1.99923 1.33457,-1.99923 2.3355,-3.00015 3.00015,-3.00015zm-20.0002 -309c0,0 0.667285,0.49915 2.00185,1.50008 1.33194,1.00093 2.33287,1.83372 3.00015,2.501 0,0.664658 -0.333642,1.50008 -1.00093,2.49838 -0.667285,1.00093 -1.00093,1.50008 -1.00093,1.50008 -2.66651,-1.99923 -4.66574,-3.3338 -5.99768,-3.99846 0,0 0.9983,-1.33457 2.99753,-4.00108zm-293.999 97.9989c0.667285,0.667285 1.50008,1.33457 2.501,2.00185 1.00093,0.667285 1.83372,1.33194 2.501,1.99923 -2.66914,2.66651 -4.16922,4.00108 -4.50023,4.00108 -0.333642,0 -1.83372,-0.667285 -4.50023,-2.00185 1.33194,-1.99923 2.66651,-3.99846 3.99846,-6.00031zm97.0006 -195.998c0,0 1.33457,0.333642 4.00108,0.9983 -1.33457,2.66651 -2.3355,4.33472 -3.00015,5.00201 0,0 -1.00093,-0.333642 -3.00015,-1.00093 1.33194,-2.66651 1.99923,-4.33472 1.99923,-4.99938zm184 77.9988c0,0.667285 0.168135,1.33457 0.49915,1.99923 0.333642,0.667285 0.83542,1.00093 1.50008,1.00093 -1.99923,1.33457 -3.00015,1.99923 -3.00015,1.99923 -1.33194,-0.664658 -1.99923,-1.66559 -1.99923,-3.00015 0.667285,0 1.66821,-0.664658 3.00015,-1.99923zm23.0003 123.999c-1.99923,-0.664658 -3.00015,-0.9983 -3.00015,-0.9983 0,0 0.333642,-1.33457 1.00093,-4.00108 1.99923,1.33457 3.00015,2.33287 3.00015,3.00015 0,0 -0.333642,0.667285 -1.00093,1.99923zm-29.9989 -3.99846c0.664658,-1.33457 1.33194,-2.00185 1.99923,-2.00185 0.667285,0 2.66651,0.333642 6.00031,1.00093 0,0 0,0.333642 0,1.00093 0,0.667285 0,0.9983 0,0.9983 -4.00108,0 -6.00031,0 -6.00031,0 -0.667285,0 -1.16644,-0.165508 -1.50008,-0.49915 -0.333642,-0.333642 -0.49915,-0.49915 -0.49915,-0.49915zm-27.0014 -15.0008c-0.667285,1.33457 -1.00093,2.33287 -1.00093,3.00015 -1.99923,-1.33457 -2.99753,-2.16736 -2.99753,-2.501 0,-0.333642 0.331015,-1.16644 0.9983,-2.49838 1.33457,0.667285 2.33287,1.33194 3.00015,1.99923zm32.0008 -20.0002c0,0 -0.667285,1.33457 -2.00185,4.00108 -1.99923,-2.00185 -2.99753,-3.00015 -2.99753,-3.00015 0.664658,-0.667285 1.99923,-2.00185 3.99846,-4.00108 1.33457,1.99923 1.66821,3.00015 1.00093,3.00015zm20.9985 80.0006c-0.664658,-0.667285 -0.9983,-1.33457 -0.9983,-1.99923 -0.667285,-0.667285 -1.00093,-1.33457 -1.00093,-2.00185 0,0 0.49915,-0.333642 1.50008,-0.9983 1.00093,-0.667285 1.83372,-1.00093 2.501,-1.00093 0.664658,1.99923 0.9983,3.00015 0.9983,3.00015 0,0 -0.9983,1.00093 -3.00015,3.00015zm-14.9981 40.0003c1.99923,1.99923 3.00015,3.16566 3.00015,3.49931 0,0.333642 -0.667285,1.83372 -2.00185,4.50023 -1.33194,-1.99923 -1.99923,-3.00015 -1.99923,-3.00015 0,-0.667285 0.333642,-2.33287 1.00093,-4.99938zm-266 26.0005c-0.667285,1.33194 -1.33457,2.66651 -2.00185,3.99846 -0.664658,0 -1.33194,-0.333642 -1.99923,-0.9983 -0.667285,-0.667285 -1.00093,-1.00093 -1.00093,-1.00093 1.33457,-1.99923 2.3355,-3.00015 3.00015,-3.00015 0,0 0.667285,0.333642 2.00185,1.00093zm252 14.9981c0,0 -1.00093,1.00093 -3.00015,3.00015 -1.33457,-0.667285 -2.3355,-1.33194 -3.00015,-1.99923 1.99923,-1.99923 3.3338,-3.00015 3.99846,-3.00015 0,0 0.333642,0.165508 1.00093,0.49915 0.667285,0.333642 1.00093,0.83542 1.00093,1.50008zm-192.002 -290.999c0.667285,1.33457 1.33457,2.66651 2.00185,4.00108 -1.33457,0.664658 -2.66651,1.33194 -4.00108,1.99923 -1.33194,-1.33457 -1.99923,-1.99923 -1.99923,-1.99923 0.667285,-0.667285 1.99923,-2.00185 3.99846,-4.00108zm210 1.99923c0,0.667285 0.333642,1.16644 1.00093,1.50008 0.667285,0.333642 1.33194,0.501777 1.99923,0.501777 -0.667285,1.99923 -1.16644,3.00015 -1.50008,3.00015 -0.333642,0 -1.50008,-0.333642 -3.49931,-1.00093 1.33194,-1.33457 1.99923,-2.66651 1.99923,-4.00108zm-100.999 -7.99954c-0.667285,-1.99923 -1.00093,-3.16566 -1.00093,-3.49931 0,-0.333642 1.00093,-0.832793 3.00015,-1.50008 0.667285,1.99923 1.00093,3.00015 1.00093,3.00015 0,0 -1.00093,0.667285 -3.00015,1.99923zm78.9997 -9.99877c0.667285,0.664658 1.66559,1.33194 3.00015,1.99923 -1.33457,1.99923 -1.99923,3.00015 -1.99923,3.00015 0,0 -1.00093,0 -3.00015,0 0,-0.667285 0.165508,-1.50008 0.49915,-2.501 0.333642,-0.9983 0.832793,-1.83372 1.50008,-2.49838zm-193.999 -15.0008c1.99923,1.33194 2.99753,1.99923 2.99753,1.99923 0,0 -0.331015,1.00093 -0.9983,3.00015 -1.99923,-1.33194 -3.00015,-1.99923 -3.00015,-1.99923 0,0 0.333642,-1.00093 1.00093,-3.00015zm-88.0002 349.999c0,0 -0.333642,1.00093 -1.00093,3.00015 -1.99923,-1.33194 -3.00015,-2.16474 -3.00015,-2.49838 0,-0.333642 0.333642,-1.50008 1.00093,-3.50193 1.99923,2.00185 3.00015,3.00015 3.00015,3.00015zm179.999 -369.999c-0.667285,-1.33457 -1.33194,-2.33287 -1.99923,-3.00015 0.667285,-0.667285 1.66559,-1.00093 3.00015,-1.00093 0.664658,2.00185 0.9983,3.00015 0.9983,3.00015 0,0 -0.664658,0.333642 -1.99923,1.00093zm100.999 242.999c0.667285,0 1.66821,0.667285 3.00015,2.00185 -1.33194,1.99923 -1.99923,2.99753 -1.99923,2.99753 0,0 -1.00093,-0.331015 -3.00015,-0.9983 0.667285,-0.667285 1.33457,-1.99923 1.99923,-4.00108zm-27.9997 208.001c0,0 0.168135,-0.168135 0.501777,-0.501777 0.331015,-0.331015 0.832793,-0.49915 1.50008,-0.49915 1.33194,1.99923 1.99923,3.3338 1.99923,4.00108 0,0 -0.333642,0.333642 -1.00093,0.9983 0,-0.664658 -0.49915,-1.33194 -1.50008,-1.99923 -0.9983,-0.667285 -1.50008,-1.33194 -1.50008,-1.99923zm44.9997 -327.001c1.33457,-1.33194 2.00185,-1.99923 2.00185,-1.99923 0,0 0.664658,0.667285 1.99923,1.99923 -1.33457,0.667285 -2.33287,1.33457 -3.00015,2.00185 0,0 -0.333642,-0.667285 -1.00093,-2.00185zm-1.99923 290.001c0.667285,0.667285 1.16644,0.9983 1.50008,0.9983 0.333642,0 0.832793,0.333642 1.50008,1.00093 -0.667285,0 -1.16644,0.333642 -1.50008,1.00093 -0.333642,0.667285 -0.49915,1.33194 -0.49915,1.99923 -0.667285,-0.667285 -1.00093,-1.00093 -1.00093,-1.00093 0,-0.664658 0,-1.99923 0,-3.99846zm-40.9986 -92.0013c0,0 0.664658,0.333642 1.99923,1.00093 -0.667285,0.667285 -1.00093,1.00093 -1.00093,1.00093 -2.66651,0 -3.00015,-0.667285 -0.9983,-2.00185zm-39.002 -297.998c0,0 0,-0.333642 0,-1.00093 0,0 0.333642,0 1.00093,0 0,0.667285 0,1.00093 0,1.00093 0,0 -0.333642,0 -1.00093,0zm47.9999 96.998c0.667285,-0.664658 1.00093,-0.9983 1.00093,-0.9983 0,0 0.333642,0 1.00093,0l0.9983 1.99923c-0.664658,0 -1.16644,-0.168135 -1.50008,-0.49915 -0.333642,-0.333642 -0.832793,-0.501777 -1.50008,-0.501777zm27.9997 317c0,0 0.333642,0 1.00093,0 0,1.33457 0,2.00185 0,2.00185 0,0 -0.667285,0 -1.99923,0 0,0 0.333642,-0.333642 0.9983,-1.00093 0,-0.667285 0,-1.00093 0,-1.00093zm-34.9983 -3.00015c0.667285,0.667285 1.33194,1.00093 1.99923,1.00093 -0.667285,0 -1.16644,0.333642 -1.50008,1.00093 -0.333642,0.664658 -0.49915,1.33194 -0.49915,1.99923 -0.667285,-0.667285 -1.00093,-1.00093 -1.00093,-1.00093 0,-0.664658 0.333642,-1.66559 1.00093,-3.00015zm75.9995 -123.999c0.667285,0 1.00093,0 1.00093,0 0,0 0.333642,0.333642 0.9983,1.00093 -1.33194,0 -1.99923,0 -1.99923,0 0,0 0,-0.333642 0,-1.00093zm-71.0002 -286c0,0 -0.333642,1.00093 -1.00093,3.00015 -1.33194,-1.99923 -1.99923,-3.00015 -1.99923,-3.00015 0,-0.667285 0.333642,-0.9983 1.00093,-0.9983 0.667285,0 1.16644,0.165508 1.50008,0.49915 0.333642,0.333642 0.49915,0.49915 0.49915,0.49915zm-20.9985 119c0,0.667285 0.165508,1.33457 0.49915,1.99923 0.333642,0.667285 0.49915,1.33457 0.49915,2.00185 0,0 -0.333642,0.165508 -0.9983,0.49915 -0.667285,0.333642 -1.00093,0.49915 -1.00093,0.49915 -0.667285,-1.99923 -1.00093,-3.00015 -1.00093,-3.00015 0,0 0.667285,-0.664658 2.00185,-1.99923zm-201.003 -119c0,0 0.168135,-0.333642 0.501777,-0.9983 0.333642,-0.667285 0.832793,-1.00093 1.50008,-1.00093 0.667285,1.33194 0.9983,2.33287 0.9983,3.00015 -0.664658,0.667285 -0.9983,0.9983 -0.9983,0.9983 0,0 -0.667285,-0.664658 -2.00185,-1.99923zm272 131.001c-0.664658,-1.99923 -0.9983,-3.00015 -0.9983,-3.00015 0,0 0.667285,-0.667285 1.99923,-1.99923 0.667285,1.99923 1.00093,3.00015 1.00093,3.00015 0,0 -0.667285,0.664658 -2.00185,1.99923zm-309.999 12.9989c0,-0.664658 0,-1.66559 0,-3.00015l3.99846 2.00185c-0.664658,0.664658 -0.9983,0.9983 -0.9983,0.9983 -0.667285,0 -1.66821,0 -3.00015,0zm324.999 290.001c0,0 0,-0.333642 0,-1.00093 0.667285,0 1.00093,0 1.00093,0 0.667285,0.667285 0.667285,1.00093 0,1.00093 0,0.667285 -0.333642,0.667285 -1.00093,0zm-340.998 -270.001c0,0 0,-0.333642 0,-0.9983 0,0 0.331015,0 0.9983,0 0,0 0,0.165508 0,0.49915 0,0.333642 -0.333642,0.49915 -0.9983,0.49915zm19.9975 -145.999c0,0 0.168135,0.165508 0.501777,0.49915 0.333642,0.333642 0.49915,0.49915 0.49915,0.49915 0,0.667285 -0.333642,2.00185 -1.00093,4.00108 -1.33194,-0.667285 -1.99923,-1.33194 -1.99923,-1.99923 0,0 0.667285,-1.00093 1.99923,-3.00015zm34 171.999c0.667285,0 1.33457,0.168135 2.00185,0.49915 0.667285,0.333642 0.9983,0.501777 0.9983,0.501777 -0.664658,0.667285 -1.33194,1.66559 -1.99923,3.00015 -0.667285,-0.667285 -1.00093,-1.00093 -1.00093,-1.00093 0,0 0,-1.00093 0,-3.00015zm11.0023 10.9997c0.664658,0.667285 0.9983,1.00093 0.9983,1.00093 0,0 0,0.333642 0,1.00093 0,0 -0.333642,0 -0.9983,0 0,0 0,-0.168135 0,-0.501777 0,-0.333642 0,-0.832793 0,-1.50008zm191.999 -174.999c0.667285,0.667285 1.16644,1.00093 1.50008,1.00093 0.333642,0 0.49915,0 0.49915,0 0,1.33194 0,1.99923 0,1.99923 0,0 -0.667285,0 -1.99923,0 0,-0.667285 0,-1.16644 0,-1.50008 0,-0.333642 0,-0.832793 0,-1.50008zm-225.999 4.99938c1.99923,-1.33194 3.00015,-1.99923 3.00015,-1.99923 0,0 0.664658,1.00093 1.99923,3.00015 -1.99923,0.667285 -3.3338,1.00093 -4.00108,1.00093 0,0 -0.333642,-0.667285 -0.9983,-2.00185zm283 443.001l-1.00093 0.9983 0 -0.9983 1.00093 0zm-305.002 3.99846c-0.664658,0 -1.33194,0.667285 -1.99923,2.00185 -0.667285,-0.667285 -1.33194,-1.16644 -1.99923,-1.50008 -0.667285,-0.333642 -1.00093,-0.501777 -1.00093,-0.501777 0.667285,-0.664658 1.00093,-0.9983 1.00093,-0.9983 0.667285,0 1.99923,0.333642 3.99846,0.9983zm46.0006 8.00216c1.33457,-0.667285 1.99923,-1.00093 1.99923,-1.00093 0,0 0.333642,0.667285 1.00093,1.99923 -1.33194,0 -1.99923,0 -1.99923,0 0,0 0,-0.165508 0,-0.49915 0,-0.333642 -0.333642,-0.49915 -1.00093,-0.49915zm21.0011 1.99923c0,0.667285 0.333642,1.00093 0.9983,1.00093 -0.66465